2808670337169943260923178804079173101546321907217946572669
2052008886620992876406698778716101336948990878074556903359
2639166429219728869463758137529116907331797642401235408612
1971004500418968551889736861217213773631716309492947424367
3034733074845278351345544829502169510884032456762626882554
2442305984209397578109707098393459480110699356473064865771
2176906209437413846021184817715586857302417672914285089213
3100214399327869023780026300746372220761341762672471817919
2665478770370083587519168300755081824110987266975035817982
1644594427116123318931318210581877116343740347037344864596
2655528113355207283346877737561996810248290253342151278960
2520387234339716041304812084899295117698002481514314415604
1772014521801701903945711646091900826711909700693261155831
1681653445830566415196498922478716089627596503563209865983
3010877451803672366313276110399849576142836795413290843375
2245006447616120711226241988166838800084334769322295874559
2698383063630200089211594368298564901140926093240000544761
1839834214716756528902281777458277545136967987790417493945
2611405612798882416555880021333506295227850507804886307002
2474286857618394357567879103709302203749873881673740319741
2854631278542608103365353655794260133721244072365954825695
1924221462063780766859299007898794214495461683530788560639
1769984082995456049313962893340852226521006571564297092827
2179395017786716395142918789925995177445267978507912175613
1909404782016177932181088139519042432769628846455974133231
1986372485929394262461109641072382034147774598383467196415
2826967838230969012092064021860640929077192809004047138761
2086596881445171668921895699845555813800606392667687878642
1765677402966168817495100795239702724418742150295482884687
1926745278332954506404808596859281858442585604221711548405
3029234426912119903386772686213049571323382712852309304405
2464035773775922068160413222321082208490225454079578452987
1975054923572275097701973847879291909380108313172549437645
2902551499342069040058544314012020615224920156325413388215
2984789136019368805545319607886638959417353311834352369535
3061609189840317788711582910195317620518441838760626222463
2921823117940059376628155224583005106653381224065477234619
2905835235654699625145582660135645704053715348295723217343
2633552030029701117381521541049298073862220258587918716799
2485603625516915544807451190137277259862360549092450360638
3083987059022860660551501149238464525861292678211565400666
2703773967587655856488953325533794594291569672987197704912
2784093570090604599957649076507792238865631817742732311535
1846650716208823584464355455367054184846762387195791242143
2961788244970909923222252060404904358028516512248310882219
2011448480595307126812811048074238064853922746345623894783
2416387656606493613781995654426560933839696312076718702592
2114089226279895622036514521969247559807706274682048937965
1990134921011118473010840154420462491947572862251254668799
2994016614874428069463594892254022037111194608110875424255
1784569941515927423018842223255105993425878780753323465907
1802178384660178495042082081728165848714244932289657664163
3028988938499162603510021225956787711115664138772571528687
2854997773120911268720118485514046414298847853351887437104
1722920926833010270534382785739550285226262285012843613103
2233475367424806271495591543678744613855442669766320961183
2955841613821285375525196705382554867300192951506464276741
2926451950023144502095353602283892420661459046317068121595
2338440495318744333104150867218171873638320479820101959679
2055644529222221228197457906730669702619127110784753719274
1615212857538702644028368268124264583975293205273164251055
2330190634593572947949750110227941916660231251020060369371
1740986386573958030637455222246009551755415810266791649265
2753202445407855070657940449753284342273194390518574809086
2686458068107214698479762897175949783878827817417898384765
2532278483548929242805121758666195794829551228531344998349
2539098175347246047455042084922445588838134462649481019387
2863528382063579205035249770351623266511534774625561214907
2721324838178489362233202049186746226894327739036154462006
2709589799977689722737162219742373966240718162837630656414
2275995868457791166266422010078747285598215113226185085192
1977638329791013203705470581347404688039162127089533973661
2868112394256846814561154343090997312545537321728864157685
2727226398331250444571657619714139635024760709135329784775
3130015778283590809359065323524318650182539786465159604203
2923420293211554951901773930197426701340404810510119651239
2500843381946173357288969144416819159466419095052495093171
1617307702755305732323483266907871037639832974317011287035
2893867035695312635381876039332728354786173545603040805089
2361623721967303611064030269082234039565131366802460245310
2230213668945151593689237645721956589984725832570490651968
2051526507555897487738788617290520384282411646076713892823
1807268817106386590232471679006441145871321421367333551743
2164130942792587065098434750497381535744582894559548146752
1797388212679956170751685924930160407391435568145326144490
3022158818418780062335215075881782681957289142582044325869
2251627877316394997674350729692214104932945981753557694447
1888780991622805637023511258531044170606109534497246511095
2885495103897233816720420806643654167114779350273049311747
2839231225061029326955862695944365062979884176752669184090
1844396762488063589478891860126065812654719580773069879423
2348127697107987298612528948161374394462837982029385005049
3125758271379125209118377574058711833909414687820811141153
3085421360137200946057903250493025271927259009460100924714
2351308723174162052264429186371762839158532431178802659584
2362278899112041589029202824312355332291412446486757899263
2876925557929686768343698117736075577972323474477980044991
2959291106047503467829973010874221062898177230647955292093
2930447778545445687122333961117245211385745036075006418654
1730013739401176629578803084190069594596600750360678588415
2478859204653579152293806896755929331221426464344826712919
2860581250681234423918237132030175397440721507598430756151
1736649394250952911989727216652643538322629628474925382859
2800774711878046260377937844686953189911612943849049357798
2560789432605092369968319679297079267532628993759889730815
1644710231356258616557474619516959329124778839067053643775
2513859895813667808357265575657877390391005482868240955391
2278678056720158976072423084905434431419916911031495762250
2729472393245316704973450585885506055424846664631734488031
2039464191195322961613746847756496087862316174811571677182
2908069478778664910387009347259428440933033173715378206675
1978274124049213936465481634864487289541528996877185258479
2287487824846059007592311784746404226083394466733622631929
2518592863161299331551112347560586577136121848434639240654
3050327933431031859150985982796512132140929652106976557055
1676988616010751101310623398596422611836909552551480785910
2202058354095648031971759501756151323904485873220530526207
2168290723862305761744537302509093678984869381209503789021
2249287330475892226902623166916329676950530145866692427775
2290967204698554317060637882692662244781220573982161438008
2554232125736546835319601878267371566896352414380865879967
2925362537532128017803387905851715789184179883359533531132
2079203986418011670657039946394236558919239572193897379958
3021391383517503456181523560620706814499235168719504145631
2116888254464004204415258372298446128655506623505636523775
2736892386113335142050810808266772668426352699922451447758
1624928242584514226154611618589872200718521710204039597292
2972467430380008372266663032593205500075566801209103679357
2447422373847940227561840478264123840905796625118636531391
3086739880405304398299040382481981899901434763357211062247
2220907590877280370006271743626627844481163587324567475198
3119638291145164670068718152262162491562386189650794381054
2282882434663090077024478961225623677212757274960736022527
1932490585551152843070937860376066168023241312951107812319
2031130333606874794267308312250558091135726807590358414335
2446616163817454331774169230677559739736243710218307891199
2550815898803040882511047972376216705028634213463866879861
2745586025366095451469172379847503388775190964101227220141
2950499183254344508130837007365319022253359391059840888921
2078815153378188871091202508899453486479534181029925076987
2061564951280445499689350891061721643267728372455828209647
2897108343904010892661217505378788349973820234011712149983
2092481794849862257944970061718601208762495904978185485967
2861723606746569387471000225332953906306122965602061285847
3005619207787639276467158951671508221727077074385866589699
2209880959366868423475929542550571922688624459952479120953
2683728874085111719710298755512480673451955144993811693455
2039988749913034839511580164918030592531635492836813540339
1577425184679877089951527898372043741580543504289005023022
2644030302043509113407479158096624143857260371973649203066
1919845251810777246152616868126602596482738441870711646143
2680929094968414695162024540062353705932420788448061291486
2302869835606797834290683906973089667147956475320665505782
2422691183913826833760678914283741866567964878083206271546
1606735619227676058949469966196034652223084768007211188221
2059888085480261884571476304527414369950540237760221371901
2922052515026551978207487029257873093742882011841140841439
2010669516350823472527381574003618433503685102987992112765
2702089102742550818883420777012678845763116784158790838911
2657990760217432453648605300971004779953892867462248894330
2271771963074207674906920481626950966399395594262393286553
1958914622543090497143953905459205581371009715207515537434
2861406847105733120026691246585785265868373554991597584379
1981758750493746491459878903456282176682915506390099781627
2028937090310593822150684928992436741511535744384057204475
2036524725406956676400272087225234030684446061636088208895
2729123591795867340702020488615260049296536916318301847551
3075277614534630730662961225164810338450184658027480579967
2499521196249016619619904263588088581540536898906862491607
2647917687783071595646283838979549255477172425031678617253
2463812358238708968457376126911122094651547566629215697271
2609343336941284473416157454011958144715404862515704495230
2835332162743885830868507175490180987034973615372298565110
1682850136208107075599672909914616467174533333158972894448
2294133966931291350362122159110457025769097753182015537135
2465573642035450065550400030333429050455538069600444022780
2974077933288484369261098686709506485404609891692919599095
2030579420551212561535396840462416923896472927999172566014
2647858269780946921808505145102656509168224424531269759932
2472681540682364121279247363947411143962980392503779139860
1840825706916296420640103563670603532673330367025259216701
2352806921814690769364951136869029433883007038099228397567
2288575336647244519643716158298898443972446540798877495007
2831866633405034188288325551656648207270108443524635373261
2255831213926606089778824403829084237174929727989143335945
3060344652157378667420876013195439187761885548473357172703
2707678022788768076304202423488157073368537643066015767688
1910751801320431779227182148019116566997407288052457403135
3010293361226132341788757617240208680898110904018392206876
2326207614747889797154718118001899854720304972939313806335
2167986669609076717920331576055997385324908501875409547749
3083902963317088640615640048126485747721389749464710719341
2575605191711643748165119823929099153219280481124309706582
2446291277393886621781928237703570674210136954643996478400
2993360947261954845897425185403878121123284043121059467738
1760742536617237815485562808825118450830252603338787888621
3015839786327708330762788920176740691086395443125602475501
2520411766879926333842329406928116317416361587015736360958
1888924734936014925250087470576271714595389028260286037723
2808118183558357828594451303649610205601723588703022854498
1685780678021117024478006239639957101602330106581438186049
2809603281197382323542458466002320906954836063129725042688
2699509555292308006405309183355793856469226346128293723906
2350899014007109108614996240610285206374349690591537724349
1976972776664546089337054744375538424226326366407253000190
2086642329211855696533359518698938996492178829811350626270
2437122419479313817881151738576458876245378321712616721090
2771949194134347159294534996748876175433550969434743455615
1576323647834228362940117163964859488906095085125517704423
2762342464078302558997848518738852510436006229057187838443
2160675038377592940990576491312071719461370431740315695743
2606977217537749717908234680068612756830083867041572191986
2822224551581174321724235551354286173318631974330651376639
3097915165076020028274107732972430159655048659636594135446
3119311069319333606326283727889106398116343486495407891770
1930534380552116882527301024761606948136506409980196026555
2561359104677898170064503875703692053543014008333249936767
2451020873499862671171424543804872233043044036215573774327
3110243359639645685597773221086909877023210423858726585338
1886023848379107164621774159382555065410422333815134351231
1636203934750380679544566355257357191937512119072574667775
1841310187816808932830386846370235255839017283839686344303
2127665196690757750916742750188066589512475302927919748318
2257142163318482941474735057623655998083575210191068327743
2962608863776928740405477409525786658055502169111879679929
1777906965820919817120967396717396862016353432713140629502
2187073924875833908312517568760255693294387134386383222783
1964934250393691379217136095600060384076051582772548315329
2375909116868984124338588307607546549182025357496306660675
1919873347192094727567677786838194142540543007672681494527
2474146678523795974886100099505578406527391071594688213621
2927431621330168573713046500844164046822151255062178952927
1641205738636188920259437192856305940205866405932536163317
1833388017411172928742225753594149875395572998705445339102
1742543979605089495737907671095810687228567228195322503631
1906154619915178209327131131693322267033190912769210642344
2535513759253898265212484391359409282547432280309774368251
2875656004636607328793862717811204687265433865316965711857
2316679654047579646134302650089543091181820038089053556633
2890342231700310788344608966679330467072115614581069430199
2186340138882572534359016729190426535093190460881781104639
3003925792010432966837559035496088144645193047374228519723
3124826623004381100993768788874012183338931611985549809627
2404074925379371228812454199509606857399465805237104144111
1714672421296193818758486878028350310195970845924894158815
2907360852676643178470287163017929259070009607612390108669
2607762105173209485831832172450767025028126572506634731487
2535249051554039289551282835466566723769099530504158837597
2174680010581379004451270769500078197460961549348303919727
1725355216884288862399726678531783384524853748914409365147
1930533557391994802518403066473104124492994541023919076606
2468402599512349836928822710004707826114828060349257416182
2452396951404622215393016931745212178759727148934962748803
2137595632564794608651652265212028887068721770070791866093
2057982825642670262332191878693835250272027971644821569181
2934523339639957482097194502646797601700610889193904668662
2857428394593121426392942065195076670301192719033893380094
3025047083920209943053737185272724103457844675624640184183
1603634004342065673093729529383084714093767557853962828671
1597467902460438143118617263502707396488446540178637406191
2886429145638587156835531257390939980721575975772780723517
2574927191099736744864619569581108728576226101030158331903
2087189844310108715755560204123847363163312788322951636370
2067303333659561022347327062961803444879548966088421039997
3008150264934492133480778300300797673975047238015680247549
1589764592638819372345653043526910753946958560790642146429
1797679360818192299602676365932543102666335088733140406175
2818679075326386118390265410701463427940768284682065793527
3050334216777649553804288510786278283232987534831657063079
1572127161601750992908800815148116257701597671067393908709
2838791442018708993606371529355422060755668816352790446076
1724409979361708875208352700459541443697144118552589623023
1718409807403576084709045465047103455262581581149913152747
2384222987653023157296800985920064007503133119409738598308
2148355826665072539921356105303118008607274807661379956701
1986443345227064335469797319637244397095170545834889574399
2363647261838980316361801157648266847972770885177255324543
1975041352108925963650040133977634381830427471109485330429
1875984512992282089159888764075648358766153301579294508053
1906795351212414175824209111965751667645603058636832308847
1684194322744896990115929134729099680025720546665324871158
3035429281601308073141919503554026184096053412896416690814
2641128343926789455309145109098806459059300883664589258751
2309194825046482907971747239412020836575732704830494979327
2947557140108359671445587839769113262636454237220887330422
2167649319849227337847117622945297718802801359216834577988
1889799905040859524911033346143729195863074463649831239671
2479367924299295837843587041920544524195755866668791086801
2884301805071086254543314615719178099858485658247972257271
1822031878147939809897589033125457955990177992567346882545
1691034792940377467253535729294696243691570327548940214269
1820178940732480094399215621590757328334836062281306994399
2254691900721716129230795075506064737042418742090132345846
3067184852657678585654511830992399881953977541566910131839
1620013474831877518632865622976656626783687469686334183504
3057406308929643856527135553993557268152375277535300157171
1595665524158826507300544676583460483488637183919483577711
2906920201949275336638722768151782865119287183320255184890
3058664597108511532980100973139647602025866323239577837523
2092333034012527192018992069234531896817837486356070104939
2700455228040407025826947132212766469547533049979243924252
2365768518976624503299222557234505937123201560508030808069
1693580860978878910371298998362141610996734428236275365885
2084674863563022168428551465608680401544630119816056768989
1759710654123254103857751588993020982230200054289880972927
2327885266518928607979227752698185019407855797413642784446
1772614263680638765195441829514859283594699390628499783415
2099091308690187331801471261065736055287751537627223027711
2366187527055053609629186436949453941220927096903104626661
2744832783364379827230717020687732157709427661598453242615
1591301497281087044042269348917134209037163223778410912138
2550742513523110713439139188525418239253065000051967264384
2425939614157393184678731613109725863622688756712740487079
3125272444612494974337913353595011344385542657823970614781
3036855894912988501485894722431471044183699775528828393462
2357261128279839627702532500233540153848304952871870774527
2186478286075308885890612354922458919567210244193186314237
3084788273761372865172444990878251731104479539331223435195
2815620048400114139000133560321266238186785274626398204925
2531501472392778368709214168131691774796745112301649133559
1936781582773549861083702103005836264819912610708172308351
2876074754114919616819480978245371433884105784259176587487
1682320264591999640123385287752681009535528815843750445047
2129474230996954032837120555717523303571624359756742254583
2644414905657726104074612573512760974070124421732146053117
1810370997481956230133460436029315277711033962072960401405
2631972880940640759589629309177599418811777719988818458591
2679297215193266622941420595083598987114847475907721864701
2527060447096914910653471188704567596160123249766619414520
2398389081613440983648360943451786739470513310308328492765
2079030693128673491825830552087991981129170311944306950078
1572980950255939632723150890761665253095958936816352493572
1692666162163971596344172688559384588706623812387884367855
2884775781636015328309995290357221302942455971163047722951
3115013242014254692905141980136179368392006037507818488065
2223973400409695964689333801902143886385135008669776600954
2050051179472391986507893627402617873521449543790486520460
3125160039698069731306131986860395340151678547043102481663
1910202413348951872489631220460995774841262803068573957887
2026343175986306119685552002630947355049916387690906349047
1750779437644994904156208776117456378956024530934238805990
2362618312915103020230163453323402589460119463144847302482
1573717108317849376415422867889916221392337065657171869695
2071878591773610543222652787495120725542283972333989559345
2223538548862349624075804992685872829301823950120931000303
2994118349861239507384561224274974366520636956983951020971
2121970920821031459624560884010659632907458487114748651383
2986080197119106144300646158444309786533183973170645004795
2958313716219434364167506253236858329194742116011582620187
2350053478955915995168808137584314996399097162442640344051
2858531934890044045235977030913131857141979235742603017595
2566488114860425167417194283870409003873011269500907028445
2609495680241281050539593706142854642631948316235861466559
2730597896923089407765049496550627091892691342366435311563
2929810905211663732375826719923045349925076500858467042943
1575667863144779157995953135714837454117817543867271478974
1780846557864359579765242220176356760210693516606059404922
1586858153410767191453937038913890708470729801213542137591
2268077994608057668605813939258854131902305483756413631669
1691938668147950969554004975428578650945950671563619564409
2637362331255707160137468354548931812600119394162794429861
3080317794085287192346366156461564739340043799275678136317
1908219107122115889152539610494335212011022095412110345087
2448287408702053939853465813886510639805261891038255972341
1940618534350446540438244492057577152235099996401784505849
2622673111186617095319046768144880069194846908797426521530
2921639651786593493469825605725727490942466456834185068462
1810948125273668527315695749157611492448368431197713591231
1581478507459405225656662298617912465195655141159608479103
3058766439248213219960651421664326647709272137769906790291
2255097622396091794890848718523675335285355210233657425853
2295173727916361180546538513459107205454260106907404980732
2779466851476044164911211471134521426754722160249225071871
2847029337901213247185172584168365881477479881120485995513
1789794733516541508216849920573005944568667074981304663934
2443335609503011137034254094639140024482842925639894032383
1849979658738965481435680217815213308546613203365676187993
2788171279715923879525321708098795679517085633694298667487
1930700900683164202480092708537873613061411608294929971129
2168253302939237868088070572579645120607842033541388581626
2661608973724021018691992805109368644118783084714892717565
2012938901152592531455372070764877075560853137078469263325
1890894197806486885224439755397409231754697884624425574143
3114449666309015803895673674166966238262714776437934387193
2033761604648964099653042489556201981909641073780565145855
2416597875448942636959895382209289982797636734245281943131
1767068413053317344034262617363165891508980052849524178431
2985204631846783242617657483109038418493134649978036049287
2239488536750845670283052536208454448018608332170332731903
3113210758483481389659389795609793300074608620755926908799
2900755755693145610791517441488939400962308820449667379083
2455155756524481007664979565064262692678114253058079722028
2119030392301307556750965806270844257763357316830401134077
2130924544322571651044659436190390125743740195203617651699
1886886917546226983458989545228968073438793680427716988235
2973732981538504818873491853377865311823073367213338722373
2107899142390542025432834276551423498226377912642570223595
1801214617223822927942595848691633998638387138351698017982
1768789714852291262647335779914507752223250175162638744061
2739311582521776201098693263300522549000790880722298666231
2471612108899451236188197283015679816195395614606785675262
2890004151033761836713313408215153850245458190008208492148
2859312950719281247949012856791370662779937791542011100606
1909237907307967862075182903356609969836686464791709417087
2310248936187184785490643576008996286141881426435722869368
3055799499558034957065436853380669844286656282595373126417
2383212376828551223978186296388706708045232744252569024029
2390832991367052833673240096028636993451491171815786101483
2517189059237969691455116632984018495299311407233894192115
3048659101129984142804195832657472127406127987740195394507
1787882984570924404509007855554594877855431514882586967934
2193673877869880031734018641238078042124457517370789199359
2496514833419591180120174003487598047449619707385141452663
1790955368907201014461836933433121202230532583735900889069
2360468461230868763314531917260304103952580463992330392512
2534235765562270788053567850938745691343479429042636913847
1794360705745098974262619510798240706481488279038614044653
2600016197583831331881699829208591095398648921223709858578
2236544681421290746826102966354372996866294341858339020281
1579218225995553773956391767089402714858893598613250010878
1703350004520134213093413436503061441264679829045115879288
1991484786362125875010982284206027445638685735884226420457
1763279018681106305338027526109646355656443623833896091643
2822623167407693491450880121910001419089823688316116465407
2895867797803504323680639666571710790621911749687406226863
2543492670848580415103210123147702887411398594583448118414
2736552956218037601759547659296371958033022440691382353389
2076898521011239975794711340602795202137737970790720356607
2599181253552158113767494651289520481522924263722644930543
1890570643332871597369618489782659748885745996498969017327
2117906743135430413298212836582052083506687286618229486812
2452714838597148000100747366814350984203145481525254693610
1624047233346291545392194647699029196062053703573829090047
2840939757559530219445940072316143569939266626225211965295
2951427745250670977450244602658405203425917747310341614079
2813216016917899359731714257978006597346282105534833982823
1820641473289628483034860168655546218037278352829830660047
2095934538346268710798821545324986537255676873489771789535
2200960975686343321212255332004084425036306178152064868093
2138838658644915135078195982786441590888394740708554962931
2639385864930635563873186787231986353477037726017335066495
3059434080912577834915871662179447908955469030231860018175
1950746289987566989285358982177594473758465319898345110526
1812450495213542423208832697893797060702481105522414964127
2517188306009677643877870442397912296663093921860465741657
2609117992846617599105406015538114517071454587679290687474
2303218308449433109406530890593443840675832433112256610300
2635640334880066701003726317912646935291905329200772801674
2125448529939073642823083049548709491872147514354267319799
2089026861543604987991655085412728290056201409572992709247
2396368807093422275793559140014366041044690240673627770610
2705473545502493422614924981035253271857715175063015055285
1660417839125321131458010419103345790339765128262769438698
2998517409448961403436296345245247699442062000711479584751
2801107030411692683018152130176871335667169667919042723854
1958606725089332104261887056097529649696435253226127809691
1635703267496667957274694776343248874459542995174170479655
1629903704420635883405999390839357917982884574001319882613
2614865886343099900519713663857580628040349012660558184411
2080056481294947223652523454040930549208758504840128486904
2273241497397952938471225181421991643856377868491028557823
3103845667387417932402702010853488031965975163242557136371
2741599054778901769641912035251568590867280089959893025899
2290651433697632224737306398705131847011948366245705506813
2441585604241974422579473642582886833292985272543072708029
2936434128329858471266821887514212210096400555811735766623
1968148935013156549618131307413097916314214108136890698828
1828254358704565891145760644041608798924417803523300772863
2324181745681650043720843871841828883292280735525060401663
2568551420672930456365473700179433576863690425751733540097
2803731743921259851461640180080863801248707540051656785639
3022128675189905937073059127914010084227165612449281588591
1638675358590709465340056909266930349980527796516704150271
2235582554278296455789843475971142901632036097619606369255
1969800789638773167924020489803301479237155639181889402879
2717819825079683155193821546015691584324152348856413022910
1647827114988807061584295363358430810751020738324969165631
2125559649286086998669257682367715987476073897737010020286
1982303755474307495628515716475703591032937447056375115323
2789944452916928541842277559495048713290724426271401414650
2814944564154917130998269385828363389868149598482566274047
3042171188720997773138191034692596910235272832982856977687
1776568262663850901009998880848589710506463992832114720502
1913227001886212405501267175821205885775924082448601709535
2671684946067387096848011535516842212426444325422597275627
1736401230414940788638296402201456947996767573124558356463
1651289359005923455010826787465336458953757757892537401279
1987790935810426640181599562083704443745397487666075630558
2409920707165715496621963899978671501358075165762382391454
1932863555695217196482218120300847650706722994958485946357
3009964418656194157276481303410587854287866869445708388371
2398640780508448769556770028881657673320489735503604547558
2008311026993038075718851915867116731861925607367875231477
2682387044506070443964749851581007948494617979767618526903
2759223410818452352388198669463218488218720746140503310318
2581999974770602303974783766123144734070746849545493685853
2870209314674372481035894675921072427334549772352191032303
2323496268330493455742937676055785590594993553078943860317
1603250679600523954385285469718035311655670229896980289399
1695686099721000396763010081831997493309315211981757214715
2286078469667922540435425824385396269143371836434432157863
1701057989547166547607140601268091269606771178467303095799
2031824082961339589243642006842196126818986051627976203005
2784000787686338345977384881248304690390186330722172633071
2547117818956853526196340542202861804431023402368379107327
1968353584880670857052731049888906868388623648886453399231
2419814141140997613540895289857410272447945854048532168687
1623967841466575290966379506505871465842964242164800271357
1981880108924183162882631715011919393404449966098728529903
2099546372928436289934985290212730877308716694882018221518
3044561270452453593381217036362089429000120679950822309371
1696451139203632436257294877535072246451672468646061338615
2463718328108222828160991518885170388888114699380009756722
3006290002810247618295856727324694514796980028070562852351
2825581679154223134274751157510903658554409597324488601595
2535871869334454236750532095623405848447647677250965266416
2562133518743029776357006373780492816613831325936510334442
1918206052269413832913783659108604531805748560203868694855
3059227386531378467181439963660244977532857182075686837882
3080532561497458257106212066227993922439229969762405259225
2545331044665139189982798260664619896404368302781064748795
1713305778991360245418689902549793299374696230214963284863
2417644553559245926851503654850443853104194380022637536840
2163006078876839525237830974337481213424400034120427176211
2774937495788565948369413950356345143924517040878964733439
2927646886172224282442770741825629734099379107203377781727
2886728108288705613633673326830697212782639969727304891903
2397260416909717548027558639767211005816126020750654972033
2840451427941492659782790977062820804230269263638325614591
2265363594561641058601063945162357908381648412818388025019
2816418075168168177964262720162768071268019828968449797117
2017578264620435267448130792985566738327351109200815063035
2788712370887732823764219612070198085377654761855417018317
2881545090047925466915226713745961167112882840327690238771
1573429247955272737999175047978361366736111039190551787502
1618985140457157199311550868545857740806400804104203662333
2927382415660320148665397774503380472101452992005173919711
2578159136090100323570917683076055098869959783814715651071
3000693394576688016394023040249742659609694751592234219111
1574424002980392076962328658004758557620667603349700364560
1881322062977623378311780958022417245171806888375382704053
1757039073509812402618992883237942389560766376303486863209
2783585400021154589357581420100175378293677457625516590583
2299386814765227632269888425361868917480736071124162039790
1926734873848323297462206199480731638230832253511137154365
2917694726083730597152658358501426906740046335878905179892
1988326578373313363511674495092652984876731966352742776830
2131105560024172363479159088685522117699171942630113901807
2349948452337982284021450707220794701161980651953652232179
3107239023652040225759268631069897162459524411705877065639
3122331694143339424149088798169423500542546707823615191757
2284320966105265425847213952691899601060336670286466250631
2791905265294808950328826564116059537823596859048306898799
1648077879960033532327508255374910919361560209569496022903
2826956039199789611670567667651246684434698365383332582399
2863703183414187682257451952210719745092144688511850084831
3030809431663839842771692001787250611993939003171901467719
3131441584206663423631202107781631328666056456146434128635
1643030471978403502520955108562361525841355087792117325791
1723242597648505053649901409696880865781213261563789506542
2834150522044000411923586763122832484022759759116450638799
2288114794805544065168304160551747614365303101812031584703
1844900305167747485930706965202935397472868808097082109807
2671468756322110112840621914282290101917823618750496104446
1703107986678517373593069632746102168915930557580389765036
2028006352357472216529751785857260785929752605905559478007
1598185748029554975358263049297163762097119122615794406322
2580337987091769995490745690773604853417951678864694437883
2888131360479286073305432450560857654285652408967963865055
1606117432151748786871595955257198740907877264035969506197
2021417766131986816619581813958554765093204255948370860023
1729723003517817711585197477845466857288928251292455694335
2498813105045475160278091475407947508071055558048186364341
3094204349317832855982835091626701210225145926516589166527
1946394017901098557117940318957336354338998672072839789247
1800937678484797594216471444342888152945810889277881319055
2127994747578925386574172149997887727270833885246226431223
1660245225647913380800701132506376828557370427720449580925
1793130010533591443195394249031078564078233797941175967231
1585557852206992338186620811605819070603352182987688411007
2811340384175944686923026269102102300840427744291110223855
1621572574736842234146452895083413898521524025381858836471
2164005327200255601941805160428347663307117032578417164183
1587098598264446550402212411332261301587305973794945692925
1972380917632371858984343602853344137587524091608121114605
1674068047356047348378601449544259275113592470989476589438
2174072409852926344254777413589435543949956014643664097023
2307855113350821413208851393054716001000773739966355209947
2439655315748201990872414702531043049671634294396632675934
2401202643352455842477225010622594699543797252083777269231
2031816049749543720305779321157498120389582946961714211173
2962354199323551874796005715071733133875791544335527313119
3017597315811954890232372410730443261952219093151965028301
1968715064021466707094919705849222215317043439284067504323
2087473811243617189720785069265627910401495153162680537745
2521969737212725732971612329021446813347045791731178274558
2333951811011121873297984939248216565624136260385339121764
1699121145965301037939616058877353083798310858271104190296
2805689542291653387384463193808063933583887903755927772635
2236356395499988387777558937028440891358188871219914211311
1738293012817608114872288627805031036132805183012343345119
1750783457427034235850962508867511104526350357980273115129
2154831539328259504103517142134015744813717295226682832895
2346703608493859177825966333383460109245957149281731139039
2384657699549708805111237423956801258011612240666913929966
1606288725970539525174705903033274465622522724977029569914
2598698862522082464341008510937579289181313704606863420015
2909249757212408856926100097848893686115226909314406938222
1825968802666189112711453702798488857117487700522214592511
1672261089002194802175500869466155106515430886702328690098
2493014331477181098002182204152299353486307187314655164407
2548730407700710614608890044684286738943269298365917233115
2085163875718096232988639131446923482877957102082780368251
1955284492053019884586578904923431066240686678439779630461
1861543385214606745127270955510497371001295459689560801279
1824837573171910526861618400567910115692240527878777634294
2443890177643922797673065186957336722193973612692382875551
2957787222967293042044236474084565171780168663611850776423
1723008451512718051583688542552322975396868056071148563455
2545450159622949357397418834727962861742976015354591969262
2474974141477089833578785002234802494525872246105703906910
2216239354050675735591263106509255420578188069220510531132
2282255291405747607614930898859568073073096525822468072454
2205200377875678763091534920658041398262384614529023589943
1628080179040099327381441775775819391844524899338879499903
2783604683700369062839982213644798932948183600474891320952
1736427528768395501578564483473916135708071150615677370368
2177329448816480441516633608415479482406220665748519385819
2847624861140917294277254861179113157457171344185995365019
2462805918188058515131491272612389352319671520791159925727
2884324344420935499533383235441742189770068863457784459130
1671906454145616101738868703018679344683104450653093611443
2035089256264761085681764282763276709221041438606178901949
3086724300472082980687297481218769281394260520320254328575
1894151008878480385969018607813337142843043907028878292693
1953773270889046451207641445957505207210230878492056091373
1893252426447616902825307692408875163313322711567100383668
2186778831024622368246257746786953173299369414833416945659
2259194906904069795860679218653158860306759865902353591295
2426442071554182475358663158334178641749139455229635490934
2613440617725344104292208711533546115809289823196630482845
2944893738223557940714188682753667309446832435671253057501
2597276889137211438680839058136759717700622464676565606239
2669407955752168055157013001449917447973038805975258070397
2602861217416411971421798025186395175534037135152237246207
2194895173469385389350164607796502108166191735434062519295
1638320049229841557163851051613424364365119628471602566911
2629250050042735230534547796323181698074968774076270608377
2310800861289865448548874888441422349871036094131598863472
2554116108614254123269389199027019502209103360683744591289
2957969079997813649952721411275023776106095436071358506751
2188721248809940903819576926014443440543632780398105116661
1887245768941778789884175061588269963003055224633808639997
2448287210624977523272181907219284510031459718127042420710
2315452779553527731185518727876948230378127659931189140479
1631568712192890524055439110552867972385240759044320239487
1825591520747720049331761023975260720735205752731518586875
1723920656511611684242323798207010680627365795865829484030
1991537065815122692009194617812518332342879658117793048570
2950418624457624935014631471769516712471594506986954947545
2836723033885879537121054960105457836590619665776634723127
2733351220909743554704353576906964016175793023420077493730
2490101051201777712373139975626746989610025824946178998207
2809445825124467704127399320440847897523644860864044366717
2553755960490753404294138563946069333191521335106085789471
2789083330495595875932875781238404982948079973384718381026
2135568153805795989962264376083818200668071661042124251103
1992064052220968260872366915733446311545492271927183351544
2843641805958234684988269875757794226467415139912091667630
2727306168066496836266454105055029502852331754074769661359
2545140134546694935542599767036313711214624205456285558286
2289053104156512364462565285046030697051022557119777163712
1995596633055925572860848065131093535959915243339076968812
2378473564547439035359984950450361380842602950803343334295
2661031577558044452125747219768106367997652180177568249851
2275452772560905798332959105638731900377714653749966209022
1677171974081480082542533482045638745656240591026850988029
2930466109758099683710201795733599149914784355323565842956
2381689258549578634368564529796121775962886438597553028599
3010422238012692161296344691811010666248437091568065397477
2972514252080457664741292288866073313355921091496873153922
2105504950603750881954578313475840682830253695191899611023
2644686703940472116822993045487112956236507009288205204463
2723166435645195093178693025326143421824895197258811617215
3104188466328064675199385807747188088814331687268425965983
1609871162314374465277098015936458545507000587848040608510
1677287922832626426671294346265839761169653241938063063914
1892450398259391081428639720431884091964353820196052384751
2044515776137810427958655700657134068055174656705769162743
2343089044341095550419488455204609221046642894171401840637
1624920648749210121665442706263597113425439883940586994521
1786386564959977708042647517479542950919874274676215601975
1697551775772401437822929753559630163820887162318926643195
2517879217926639191010715616327947035681208774145476394959
1576356069460389990915626826225902675118593775402309680608
1744599315642508241682135138085274702834854374839400004607
2396488388779565473965837768873084564649988249502147573631
1646388438665306373272866807041749227731983159819798315527
1763736790818707369469032084344856658384933434879640584823
1811489873559003121103752409513045015566244128648742697975
2779454443429085453111374312451544651690748703907199713279
2251840117704240386860914152870658875824358587141750193853
2404889953701321242956476738912320379610871856904047037780
2086120080937815806110572176682442037780837169487348233151
2422685185369077965436401503650493746918654698929440806783
1593274592876255551828404186762284022502128829849000570230
2402116383147426146434246181451771009063983854551527583725
2717020273154991432131860092279801589668795109742604151739
2808749152500084596128617544079399542899827340558429063682
1913702999377098386265665622524738823512437445975323819897
1650306217524579115142474421775492425560330084455445168731
2476487273446347533355535395605679937544944781956925370811
2008035897048060661732090508991822216132423903948969072494
2591370959439098707984191670145454855456721547195953439421
1870274306295374569565751850909754509179475975144829057791
1693650203485641731060124280748751820684200830498603137022
2612799677150200948053296387664069383115864419818708918205
1758884317055275700153909143685482297180179910963100639230
3128041901873996674530072749004789298177911779706919673581
2658813876714960014097898602168761908616741004898994749436
2261219028353995399616157103139409219273795361740898602941
1759137446114256161920793622791476741153787032284830891757
2973635075581263864425582813030885940581160133135478820876
1682010017424474625834263076852082094165977640670909628149
2952987690659859105510559623127287280454680600909741815770
2829148485398686987229645580554210502010952956072220741902
2878830567825370363258849793866073289100395567846500860977
2406296976416788747606132736582715876938562738841150330919
3127931677818117787566391111631245827787339564627470949935
1643237693369244003835838873316907577467839640610685320191
1717829681339449451171266473823459456660629140925844223471
3089078086204699710706198618132184771387358928340890128570
2414130191492767844638348513365219508704774690720605730283
2930536204312931965936685104305886245851664960051255173047
2018777266933299710865847757080876148862330732122622062445
2575871543719273253178160981244754719800754202623756711670
1575115941838849934756171903212842556002171517610984223956
2903708311114675853510314889603813499086664179203125961334
2336572298468206755236374190265369448303179924789549594110
2400725501615463907554721128413483396811855708722833521535
2560991082928381741375817280360659864365016642742711377274
3002759801129634112232945182255144487966977142437636151791
1642713984044701806822340366415693103001086630388419220525
1866710524970627351029584902926693344226660433106067523282
2891895904762364954504429284022755640446061151660755731423
2256024999372884609328979809229574518410807167944970798970
2099607823397945111181867430303339241819100510083807170559
1811647064548119736919880645942372784248605525572916575741
2925575013530992125962312837380294776189316875194125969663
3129813458257917388076511203238432642320880835310108798973
1706409461691046499707020386637036675934993221670309214264
2657204757145473295142446770303176201036938753727475220511
2623700651716496693875281407192713938842754666017367654400
2027091398601066788938087188703766716416708925718588751806
2116859991211979094501273319997457505975186467523893066901
2842764244713726387000541209421710289418754744235111413467
3131090640826823847285182531168115593794723953753110567423
1970657672791542667266909633371388801145789271523838099045
3072598673798342926389603246327997885766370382648152944121
2165315371861632631182302023795457406880105892115454181114
3120604415790130769271627226266624618728188691514558248623
2433308074612352723516953517019055873051536461349930302974
2010417863357902067231966908803226982556599486388140376063
1668998456497180259886932299733250454296874119215695038062
2613316355193833927097321007429513042878368291225934420209
1738023188798310215669013101343415956405878541301042852761
1959141386295944350161273879836727561485972916941481311967
2468449312248096294168123669746606518503011177769905092607
2013808390801540641349087655159527215687444613244932656210
1763442826999397266883510373751854031801769548739588652857
2473109338906638879379415914605019981499440784723481595009
1897220257515166951779307379656196788686904107544011067375
1744524226696818944568586522952292316019567332897396095870
3033782747016787954581534691952413617721141723531782389375
1626399798088694826834995856822773276830301937812328415983
1737938969298194112975064650917397877995056219369343275007
2079239128554852541908229170233703615639504491626298866077
1912113644610959754685765242356418001844199646537186997445
2271129190451082284461308540757818642579148964096085268446
1718230954129336462281571308760698195522525445076532334850
2468747042975119849269065703433724113738477100363056773119
2102450470574257210204004669972092537807673494862544468985
2770271539889111449315926857881216174382452777076767029173
1903343680182334724770501767566226801347063796298311139215
2664360129815657390030253413385215399282536546680605966319
1659935140285610219833790169321487397697425555901812434895
2449481827982203390311892793751358079668251312268701234492
2428093075407232220740281763855059270420863825790757247723
3038565183648851885410418890500660092191815136257081540601
1936597545410182166450678740501618370901960883149117307383
2814117156317284631727618129063083928579673625826874432826
2610978259136498793712421064842928085872442269688269896639
2096513477756162585428812126838539749606066965378321628127
1895837977116351838702651386588704831124557781587919093751
3117881449411577809600793409852356812262988827237389697016
1843654100430919849784465265383838413662814490664212352511
2093626893854848109070183664582069959673636824177490525915
2983580990605429550821665503889584056289462669822798660647
1847542299810364825955827116169230723536001524173833764335
2783872063447593802976392082512738113688821754803642695613
2504623593280734938083619661863082568889397573713670582536
1912439180955059823755440783531138761411864369588661624787
2295563767204443684635422205497550644067914368067074506751
2329770329324310327256677172427944435095887894620273622143
3017662613577074575373658597431609151820202155053463176212
2939032501161246189893632891337157593738817616049680153311
1805512556930086557440004087998367550491168268819906952575
2827808157189433888645792749272447540133438012017928259146
2358370147646826336509937322815652441010464088068441515919
1898160345003356019686945068600735459118279316526634237630
3025828767003482821011998419305144908720846403817197781971
1862256667435390868795413541002039946445080101601819999830
2204295759924938420817320757146663134306829496063557885695
2572294469815859525688882739677309111376887188390351325151
2003594225654608567950904679309697222548773170887936962542
1822682723474018257619763887377560010738247125141188984302
2159088665869075368872301114128568323509052800749776133303
2594406752409191554815882110354988024072142535663938699198
1699150798852006879679610656465217032027538473828849942425
2468414069854307721395053979694338943656619869007703299035
2957003082274093400971863532343062810989887856475974924279
2336758619052375759086703441636289979761542755976732097529
2230923971544969379808678752569605401863473999265319087710
1815805364949647809950460639909701213864429204180610809855
2379644702342269219114903807464050450795785302867092438971
1673502608520242887469269292791708141573165399139296145365
1778451902846181008752460914849867645933005595962422058991
2548813573068015171806118949422529325232670633284214963655
3014356412254596121665695101991344470089635141046258041686
1985708395141020390119854750260105895081705041449794166824
2022752593016321167450124137887778207183805126783708692484
2221841104254827037190301788869797751133545570059749392383
1571009978303708820810863438434640308633168306620614047742
1663646722493901080475193971327983381893950084391717309675
2433331721562530648405548235963340006092126252748700111513
1740830301782415411971008076372298123904680160894686584823
2181855894439148071903876790321769137307143991325756096510
2868630414637856056665342879934419764401936123241262216959
2341518306218355903851277421023226069317693993713739574284
2395627434571888280240862581898638119642458477455841066812
2969885892436839906149933038292888774628473052948422720991
1975147901693134668655730280983485765727503036205323790452
2828052893262036301587831212386380082317922317342458478333
2401372464128726683722879842557185568343990913417898065850
2386046714056782736697386457461798820231692555736760450970
1979501163891121128443439952282744029185463977174661561631
2536555319607523640587926652292343765006215102985020634997
2735146770113475249801072329355330740522800931418757644125
2917409444670772371229959929957959209401278525564317528956
1927262563574337752683518366113117729845391265166118598383
2494843998656956793681215887975182949929848619057248925021
2288769469690591819126824478500067039892575561600131263471
2513403147128926258321226358325521181319377369241180897277
2646211083062288637540176071973459530244112168285316235070
2311348572636361594568137423947320811627336616392299380223
1955196971315692889701875356307978323202425767421261373431
2980042246030054506063087283612814733008576920653014228919
2548422412333028422553776384674741992697129407220339122007
2148110293646184998644516421001700193415282786873002913305
2972992096472517960979292479533308222553704103717933939951
2050172302965482696303697099995764590032854817305918241695
1939482714359034093612044250741628158106133664293510173263
2365864714114346292139798283176107310221857589569657306086
2712291733910787102791554962862510548126238230190372158463
1597526064054874289976004488874861262137195948322378022897
2492867666089162862441586184300742917844890545711245888383
1847223595992818188526042668678501667601192995348618345950
2403063072906128049846544437990428523748883423152517644205
1902526569446266223983690869282656773506328135336244015068
2563624581055888295206694988664460161793077671113531557551
1872723752418482996818969213926673832492338030643078802014
2819313034231156996456890900408632263775872644220625873085
2404174816751272722137737058726244750117750327040230227699
2950975772663827431087507953234230489808368202873206471860
3006109429716655866486660702786573977986816562444125306878
1923233048617306556348582101301105907567731484269647495095
2411475501282689570620617079659915526311034583680743521583
2767380089846473467281512709920749469922753070628282477183
3073274189777212475301560955897684614598483496087393391551
3085905939966842066806645830538696056750225341622897221600
2103305025329348347504775171134128251534185890368933339501
2544118994384385180352459636481337736366254802972646047487
1571665897346754931033405328005462509829475072260550684667
2852829190416346917706507635985914700943097987208748859030
2365588929303593600455123278608602533942853239488416775610
2578615254826124041790721410856045996440255576721546205499
2557224660740702362714819669857734565928904844207150038894
2984485513528905613184465666996927374729847189136019019127
2641523704601519387223098916423001642915666435977590601565
2845188770836548138959461509941522340418706666219313229567
3089651275501034894337297030563382961618476304718087458853
2792529866677195433640643085686244651403686187182179286590
1687040628032659128799451529991403336554410322950912503807
1576797622125693417053590250272745776458453012320500642287
2051740530254922647435056381882575485464309503059759726277
1825435447330960035013755307044238235061484819931977219327
2311742809343421094518913663009850863530491811168772672439
1768798719697413789045748036093835350147884676272839301822
1815133050665558099422400588819561460195460150427337088479
2147202604392985984145477581056452218435543619380232937569
1608435438661518835008132616314664676136000347518700871295
2002236584132531152994183697693563987826683648576494346171
2012312555627970224106989078404557842577525897926795644333
2551364693312965022537433605882099158707257782328622567166
1570038450449415364574161369989995866950225794876107137159
2530673892084823481866540983195354166848658898164092239565
2667544454224860546507889253978978641612060539274344011786
1655713366603722778271390963832463122104907566781814685673
3047199770878238100588514224430816418232268906771955789815
2598194982484872302583637224901786857105861500187740888933
1919248469815987557706106927274238000075814081622632736629
1966269318220141977138862769203591774644064147066985641983
3069480645329381971576912755179803851753153521344314962324
1952242631394082820244567901800717839737268487069924292601
2011915208300819518290598817233169073614160487248240836414
2995260865297766807387684744890875177231304252168022784891
2369034839065873651705264114241569097146148113357769014846
2181423517526025509114923553263309457770324428016452632495
2968684056639552802099208460425622496586613835990973775837
3112419957926351472459092872367377117367653315554958114157
2496766632819539076361264014612563282525642282621848215501
1705049713863357871670044219708407221694269354392482150591
2619031697969896220201153352577140186838976487446535323383
2957716370543808188659725915378501410125151913479428363199
2536346141676822320938267347285551554312485921385855222275
1714969969615790251616766433323777619862842028382144032703
2776473833039895213863984578692370066126655011662138650623
3094514397369133227533048131907440489175089675497579173885
1867462163698636572325671889485614091269703424926640234495
1570563632515158639923268504432144512481696556344586272623
2223550919289262627298842736388344131017633296578256288893
1612236374246781417863664593544740556541705076050204190975
1862748735980234115041013790490017663517903906088044482530
3019475231400767659445496366508291143728546665026719448023
1972593603226127843204686918122833992635847701222531690370
1930113929700671036956225075955395825990895037153600864188
2346310102638637282612746564688936869140352662839505713103
2861393695033170335812687579207139773595425102197469056730
2292363022839451926787700285477723940578088236801771421387
1824778464320808580260406790588320091451729692418220228095
1627802889856732134255361283528554312413589465938352076847
2128369528316974030297161638572622914754931300948841066367
2845154171848420502650483551236785759334382936750715956221
1742581863574320387283391391978950413328838908773989806079
1918380553303473155283488865968655909226774902085333757203
2337898646225556921332923458582202597990657158723072947195
2215024697228513794655167284002283871165637396083431702468
2171379446712428519650299034006416918064994113271382351743
2402676917237454032314414879944485407347943979082856781786
2949970952329295212108296236244847197629678617108490691728
2566936562766187630776231348360433143364140400429087853328
1862841625237026547537241327096282038011015488666267546239
2750374540350282179937898252813654984411767761935342045130
2159431759196467697788684300426393651260223288733244851462
2464018862872061811615439166960730162277253193038125091008
2622808406388799336391836123529142968374506904582373235615
1870910547568254514657882092656803953563233799343372758007
2455146161379096762855683235031434991409511992401076419839
1625832819207033963199032947303812487501237388592738266302
2290516519037583760546952699739050754286149506466544810239
1647739077913259628871245371805139362514810080835200087293
1761989879053933309801947765260123846483691696770267467767
2774030519835559153134258193627618469408081584588076873559
1985948469723766736011864492983999734592265430478435715168
2828728049820429368241466169618408304060767882700868341695
2375647957763196617319594337758798973924589698015293261567
2853459435356832242691283531138756085549414020745200004091
2682728886804340712148978370617564645053774411650654011245
2829759405835180536605954730104594873229841314797938073597
2263816700021504885336142407129117328924619814767728116541
2077726656546558897920971566504435908641921312306708315647
2204460735697796799928303201040990043234119277982680575960
2885575567552198792908505641990829282758866941447774250735
1805633311632277582462249779523981246704747543104142706900
3119206576442054450365944312392095106309724853619827450302
1885217415012780384356376711820213093429182870325983429623
2273688508114204175128918387369153643894824851788428472299
2572060086996555428646053106328257262838306451853168604155
2997175760092365958914071216398735225411826925290379017214
2017002071578842488532576569176250531215134935886981634093
1877486187677786359615761016026120622531137225879520804735
1690915700419032740475602893924940903317291869598740642234
2024285317829307791124748125112487515838168760350251427662
1928602392344760324465747714605766550615601077443308154365
2727610758999244251959853043683400464565233197563354019294
2028895667927395162450339762666278545021441532131673571055
1588517620187385153089013890116504233482161947504893975547
1780738934082678295667488299682609274896641808961425629119
2380720036711884234016195212951741965914208556312677056407
2545462015669527864619595054745142389476954071280237715650
2881186496052521856910597177163264693378024169638205606716
2358208175563508999570155108787024318641861709699389150069
1696329356169691815361788568885349140192527692429083148285
1777887213450539095308855791492927314222755966506355130079
2571935239291337407724628311091677090083709570109119880187
2591276630805440122086563670208359529948902439185078026172
2512282122850232764364294762809769914285694222405231179551
2043890364214317381800752737440035946723628505702256801535
2928786886975126353733401074225032766174662410636816744437
2800346345961692197473881552276687803166107766297696360951
