3134055750946562888409102379799607237620635989920000869293490175
1731586437897134899983165106622774558677835661879145745081190528
2776631228285926426739871231852923099034626141667141824892891103
1879136833009862086397718660255676294121941098926895289599393239
2403632271298342039149147561732620746345171931580901974530260988
2086099887481548656616888429853009983029197762056962831511256822
2914025138209327438405036544821383055018331619229239101235899870
2573590597425465977881514022605670546003414412559459877512029192
2662399602627111616267834954713734391901121942143314384299917262
2758667168326695134840782871954057864527471259406516704009744251
1684817696609691115652593884438747402520562943826075178382523647
2500496840057961454915017240688494833823714808015844663041653487
2413350686908025419869410706676215348122670908533081857235355494
2820534374459083760154479412587861185306946292588807577887461806
2440652078803348383749187269280367043880075515250471720323611261
2184042185833107604373613931572184318619728904479109319833285091
2880463003288770981349564270474476698450204323362132051284199424
2575157434006434266943514147450722795657875383429313380490706826
2039950570561020626417689344729102265886371076814716543843171839
2927115309539764618530290451680281956173944362779374677735243757
2916331962797466832864315426108930791464708695807644933407778382
2125424977205642861800988551287739272711805848367961440637157381
2228161408953347247358554929764340410698586530316457340493102071
3169529346510086109992943917999019301307820688555503251494413348
2303579396252747063487430626859874477779793525749046288011967642
1720879964579222787047098603045859780055230107281489735858519039
2828549116155118285418651577455675333283567078260934842792263487
3204994519913404428596456202583056016221572675959499920841163992
2117446779949905518060569512991890240511196286181814925692755947
2336198145743572966766585881997633766692529496109455941734170617
2268768087565161255081492801753615762217830443295572239454821362
1700575921922499364895512057212392323497986378937615670112337902
2995165179009828597674308229236721548205375239795992837962072031
1679364813961369389015110914652870217472457245560213571248360087
2938006001625682819448208467824974276713792179125276817070472171
3128706133642708706755773394023872828810646335307789458472927219
2659537653606834505314056175091724873027364704658834007120014776
2538102102867590247516680425965720411667928845085402574480527811
2756311759000239048111880286404044869094560978265393960932343142
2058478034621392547369516234816857320876629602644844506953480147
2410248811319879668225450236813085553280268488435974026977869817
1974951385121236232116937523485137934465196171715918598568409087
2303142156018727199212127187702899937330677177923847008334901950
1758438456569139392755360345344408944876097171501410404704239536
2434881378672039090133130488917657189545785325998160772814724607
3114977330990219691566455624598426812987732114197254689848686494
3076881462881967766240818293277466467563361344319269904294166491
3088083081744656889867148361326617791903142859411121857968730011
1676684477866264335522512445687167544496391992175840656621469659
2985123986804934341470366207850203326251484916977720284455616511
2308777597922777668997235689503801084339947414066427346809700095
1895649845839135325054559404133848259916033461792373910326345719
2815100319276298676989284190686232812015435588921381423409004537
1969255611423640890846507149768444018604147915508217327646738888
2199894222316767739107846446657927840341643511746236609442380655
1671669068360468203330188449259501047944780400626376220795437031
2204334209595190654214553306272621154956477360175514365207764965
2774631885552952714464894405260591056439384929158705337574880959
1646040926641128986178260961804086927710124897754449456338567147
1928626852453839202850688630107565696162126843961419565810841591
1721104596917911313669397315959526490453366162167761379952951235
1822163419615882224570632452837186012999530438640646071955356639
1943992090602601078850263676484815476303896964734795889030176639
3142038430890467547128017506389531554502931316415155868069197723
1873058018367331533549159585033980202478425000341112109818044027
2495279093946872690711165900322311768168577425168556416403758079
2188876484504587173677069327618447820749126353115789351204299534
3183588286903494836094102726908691308410793091406557845040922623
2585503153268486907848797163826769811626334541994362076251814899
2073263277008886528535356963169747704615343332225690252389122012
2545130477896704030705762996816941681126643153582835784660908799
1906646818775803422863649311972571336388312361606603847937474509
1692204759431518723598533846045993604955793336084672095289245721
1752889488365700379752686483282749839347816202722824083734525311
2264961312983058939742474693009585557134251758144614582338830077
2915699422223783663378522838979781812383746174435662606894030383
3147150536267500517336513875203622471635866397203480013597721751
2854523213829332290380378644345004888572264690452802501030409907
1867013491030367767087756220281120489714167199035773304091757387
1903111628858091188054309380688097232068513192030394403409654550
2357050136830940174725213003312982128318826554141932330603773772
2324127346566596442678630896469322618974667905449050723939114981
2462452271277516792984287734921081974793747711286703286594188023
2154912315293965638084097297201595471689701789856879553330167615
2301182783288959143260245491242744637230173655694568247332618117
2133417825015138355987332981209301439771801326997419590651215082
1715713938390280440337505254231152356531028723068000129744109246
1997360535613980727780395116990480669883514524215370302057349118
2353759839939521166084516050811943345251096340355125044496561103
2637040708838430200073474007733691747282227072575955051781029491
1994906452299705374190914581536473566359817476473667939818536409
2175134124931424590501286561226477043809717497882379914751769590
2304298686831441492147347806506586867857257313763026895224143678
2552812618078314291641111802276899241634134884450269929700062971
1853012204209719630550956636255623237557789907024218334409404283
2976731863783817204083462273321869409456120964391275929438281868
2990208412212307421230706350585776698367050228044742243608690427
1833765927287722415371958643116253299116318211405836445430483225
1863607800541461752332278112133939954675948651678968741616353278
3267153903277048379516021479913847384612641141785254191390719359
2441468749496752720867380109346306674142678945619758458174652143
1675440583528736095972419736505874329489233441047306785481543647
2501627070619820270625890321303955359686775572941191330359205373
2519565668400036274873585372614729179684378627041145936001060845
1685755186272253526198319697988708258684960581183671440712400703
3147617590972206876443086395744946729306155780950324339233226207
2954826804049397259171649530977644375065468053154337522192283615
3025449429279102519614728370571839446047746308430490934365009996
1741807508329609972918210685717064471314682596389552790229999135
2247497263946101856078315772826363700649233177743843037909352295
2498648937992432129481905850455990927755869903279499110931995613
2931740372984076258967270797285494165118417661672256840001829563
2210446880000828579351320702974030120621316312146733402347732983
3194086351467720342541656411422163112445374061228605004555484919
3028189901620890003289488628682177336266482498533608639193120110
2920082749716715755184330848160406583084835141632452207170287605
1718236734612366370797252427650254256588943710293431811723624255
2547901781622230102944995846634596715080439104026959474903580462
1785452290044363420256185912810165615534998396314776060392781315
2663492704035441377470668762405283659643248642684010251228253887
1729563883538280733638831897878309968342891108995169941677014910
2944826152262609626478543798488390471961128901542425634069534454
3216975199059482466254138398779093610598325623743980925976009199
2092516559798842903418795505702653167629015959886831713657479071
1751979787600984810309110378277659419954846118409333988938206571
3165646333275810112077198583239152333648926777241475191612598199
3154340851927040276659252739755783996811813468009588572706307743
2845701488044792172783475581296947453684216963834410140135087851
3276553527315971583700484943992835962081071055209157579179548413
2353385742521452663460173790065991617870470778430104935109476315
2164874873354068377474196952339553125992966520444691697225121791
3014343439959086116192990516752558175255097716979598619398635511
2631525664026493818912864460297220325382310358949444313064496878
2407067341501040128381248355010589440559566173155802321633931039
2813883239426810457994351145106693077702533820525160606534922077
2791188627185172333641086911671261664446217416391336961095069551
1955700499896326431591513337460991576346845073724116256739828098
2054516925855991465562890348182824107450714933577099822168530431
1720594232858174639551467158854933224728796570373515185160640499
3130119917641884165691691285150689703980202837296930624265763175
2304743630429678652448530805708445944340718361630450242574084926
2490414257106125516714649064570403838144495262452672192600586167
1783566540342985086072846026174297450040188201555789110627466747
2480279542295828506555668476436679657004197642252358689465363310
2850995475722835278896959596982774085511657532144838447189327359
1645729144715199574820067839646184846112493530541515485721640827
2851689310229751158317612572214120808261722058030722286777908711
2739152167171990674039857061345271966925819895801469856824130943
2826620251502556936840578241599512593962228166413052441253605375
2094098107434812026960360424942835909381975960932851401520353230
2121055359596942980071827871642705139513084043349909017381043551
2390348995451582987563988334450692773255149492107086700803502069
2356544785695570706485219651740216646683889233398095692478714101
2652222775542204842419259176424641089910519605765346738925679614
1665687731936027993298082715785740818704355267126023590255787215
2900201320412005147961768669737795979134657330595357206677126399
3150364047118663864798546561552380799733336579116561568854175167
1787719083647147774254936481863918199292577046204047722481720522
2204173384706341007794146540026165620944256535556157981159582719
2143324502726974851115728663032891879089760113964259653405114229
1744838959342920679861446295705355017276029760037019118157162388
1845571873875054646622264730772576677579237962194358811340377447
1890083296352942991560762233215083445221389366225691433729269931
2769882705193520796455966757008978115477514795924583057878366399
2772107944234978247481431512308556494865948119049076018788687855
3108667817193547943508268863963795549878126238326464213047590859
1661807861929299607677253258577550322016745467253336590266637247
2013047688980832976806547486742000434118458314706805372730997087
2546030590875411168850540067094778685321187527393300139437194105
1726109575567242083536251603281519325405562376761853822802066150
3021072559036477038621748812767075140348714518746860607190860740
1995121065466466283707354362370506244954955028007410559845662165
3192159662991130946063744646910645675600274006249677605005426524
3274635412779641210969642925405126136072855951974566032669894572
1745096179909724432719766754696999243349353486766335807090446807
1758088703179289641772078244784107484872919139094001376280042991
2945110538116951457110677159037805545450407694088311133744029692
1899458825348602614317858338930235920046229472069959587076236794
1870729893010085461445961075742543999698128275504795317901450743
2864823924449020273874150197183015970198864389465653558269441982
2526230230732463221840770973289584310293662803145851892236517375
2625412405496823194911687273470250830495631214562409670638427070
3068210432295386001666188031780033586277372983911927643173660207
1701461908006162135296409785799239370596324855152058510607389694
2855543806325223185925386010042966606740626904066269026011987439
3257912813379344614851164229981455416000367544200730412426198870
2555554880814036514617606271795450100677884842121849652601396734
1912881717535450876985826008151147335491224240148241426478497758
2777219289117933811521145244581535120899277345858315887559294942
1677251588421849021930852353308850501598812445849611185915165543
1682839268713533731434673898531420520121037445187317879721132023
2265878358814951145314581302026148555223631621035232060023136175
2466488788964872528100227525142705214859377074941597467138842358
2491132194221587846237420751505980187510503030139453113547918623
1986068547178561180416444771523093523922316230825195252314537919
2964905487171921327445042367348299035645910243392714184126751231
2848884532928852716999512364898248434630329064353804139419251882
2249270696969275878222336347873652260699949101786846792966340517
2160071308313856333681246115144958806429833151741925584168005614
3207024125864145377065428020329535612060967659737956014884749298
3262076282056448524035777057485676446273547953907548718669316625
2745882649594332904551908817476580532998255588300236296213751668
3140807015075408512638380355106446470563562795006935521359166463
2938412393143803387671313605597971220540585092648684972219826031
3043926217513865783995894975772283821792340310755648285161025534
2801289931798528814593209901604197155795133545933468033265676287
1775248808952695935906362874360251189446467402329974810288574455
2341566029467262683662115905796060075136207205340835335850914782
1967538322372884637084471800641759391394570768781846957294776313
1722110034931229821604382390651136800864851286407531550628904703
1745050773738699554306256580212824917492959014960253034806755835
2883624802238578318114026417037253953611148467549941072086433782
2634652246941134987388882103841702966595423752422426297725660821
2204285145096214328506843046520197217984376961050170725886845950
1770905234941850312930598270668920971022978500715339751830161131
1779815485722764732959910991342895684982958703392948597921905591
2487307515191475087723541705149362367088890335489469794464309290
2134075809987479062951171246555090498092074164928568612182282230
3021331418679304162976438834087735905142652248570177660447717110
2675007015848437371910346895944296100501592534293223349958932345
1878062700107555559463648483820120513153983398508960426882957055
3118251774031454887033044221266770249966654394248069879471013629
3225625645145477127309725067582586885618251488389435956600429822
2480609631577993386636475512860277101414078639407838736128276275
2820445881912961023355061286706745927092797886783725949542907799
2431426585202183902057893828086475642632828283254787929400147295
2121107730947415657476798672401032908526396413181592706389224313
2699672943348478632890067527093142546823799478728842036431893339
2967173907074811623295502737564250857028322316908192883311345415
2130331491539094394645972787473073936265486447875645421273470953
3046674120330758281133692418979740171620266562718928365317585887
1773179702682056735297805355083008139597090055746776005123611631
2681732508094478432756779771278183928940401043148680965765594877
2108469070195774730041570479039024205424210400723777444912398943
3287664739652986406572295892053370274381895553913076140149145471
2570798361069686275237293406490977505148389100487844969176858603
3192110050588663013974241330996797499915061967232190281332565913
2471282398946378247574235682604211241310399416269004003915853214
2098237411104087219452473130301956413699415839213109746698109890
2940560868691192657347621511364032032681132175484443154520473342
2736303001315632668314002687471557909151203920955465324198642040
2904670793683159303616665570972076903605969084688803124032025334
3081148044700828517204681634187288921262379945708446654210710844
1815569748182580068114284730867594208698329276604228954570620639
2848567408096045428837018587659410827277749280757579997650093086
1977517352581929204054513994637002717612224799933563553571241454
2641955029667172436788098318034159468196314155843304035081252863
2339554111530113464043771027526744664070519770455513383949864951
2562461977080886400747562528682131076694039362719420099377975294
2993385402080394905285570831218993278446648721869617685122247399
2196383678335150344335917383943677019896871554537029878733076315
1895669188793138354621011248163300262825388226187865229763796735
2775888764796854539771258810317967191676001333798821286825066360
2199692214781252011265312201543396677573032038201210391647905440
2719278888342230076444564726332166419114598978790384156926277631
3246533248336197135158044169923443217633535432879454046289482749
2925402017371088952664851457082419907240621482426869368896311291
1847030735304310464374048345237795665251048376911398955447658653
2109466693602439433700230505491381422750084208338720973697073224
2991596656630411993080861397388949866871323085126623876315909512
2081270761643284180456907170087634232206461213322185877655117823
2178994477456258414368682569310754379411946540665079786251458680
1954236164453006269166393490506117224302606592774983579720473595
3018951681614834929009553446396866082291639520859969266371700987
1834524969548329179822095634256088709749986571778414053454128689
2441705838763028304722142625645778325067197612915055921968708845
2190185883050645123141497851309149173302715258117418159078889331
2173335063228544078253812457430315724145598715717476523197856639
1989363277540232050471371128553199889331960058787549766997071102
2810783361615367075558146052772551199394462995754891300804988351
2315513009804616358757093642385967874984127899364822490182280702
2865598061623155380818933259969015965961526960300653023355465635
2723120791368404074888800008542310355787783846746302020165491819
1669088415453389197075845538847162861687084488986194436409068549
3183589034787217049375473443989377095529805747376791790966187398
2958233267768398561773799406033977478902799183158508176648190848
2336284421224681089031763715880625388052904742181112942945861340
1747390448021426227379644456574910970564113423035873030613368671
2172677160813615608396282821845061522480070407449764344155307775
2110719649448689859622020439317410592650515933792022551088576494
2903434418113389227399606027584865541860370107868966928149946626
1926338369575337993688698087409460932892842595209534019292622835
2154801101421794990656773697714210428851142242825248939222890943
3030605369531606827296293608309922494117214059758143491181994542
2752708370350675479448858376893543012565856326155903643041869469
1878632568679205853535467094438854811113777256483335151260399479
1906128454445222001185177963955642649940563244092691123830259692
2479705462665271448232218693854342682516814317191714591068224979
2749538949368367801960152362214966248049327752161590413636845567
2922453732264046793005474042879723154724789969302979644901473277
1747516033046832479851702790042407190680878107749905921202380734
2228548237790300328519124552373863111612677677222922011422824878
2363293877726655800351461148076382380402036653407502747348483799
3219590543145832167415483766069196739595418278880608887687069676
3223190528811844924075321243394281698258071750426535337446604279
3042357847981024281683537145108219879046290857576176374646835200
1864122300520802985368129608530015821316978522304887904947175035
3017135913001233524121633328980398076600748865592696472574935035
1698909350324048888000429111294401404722038620169803594091724799
2231723101337261557853090251879130235637418998007196091302150140
3259064036574858219068098308012808282542576818521971589328498186
2253078260899053989459182971788193028885429817327703631760949385
1659691868463972103789799802670044623808231628514931468224286079
2644917947332283141118583550888460953045340530168936818181668287
2308655113403113696877468262441222463475918227330708115092930359
1948410342720359299127051712881829285046084797327770779045329918
2227736926076954261746968057485487047829256165185959729490288636
2728092503641379961563572392921267432176888528649218543337693087
1950588204314515903242562348350957776848209300240267991598337625
1688741424819269620459928508575153605740995346327642474462836663
1735322042904871155299176355727859428418502148847935883066624502
2353571184366396951748481627982390163736260404835594178100593805
1696452418214662333343727664555546260399624040375608103534657131
2953489005270971929869477863757338053908484623720614957080869123
2056181171186730956768593005184265850899949339099852526876843903
3229390005749051585620550121493966645474214974847259304460775302
3006663749531507899800596671045072907757884786677720379681137997
2293363561062569609372678051256924946756522427556855218531334079
2247986750115627437334796421090193313486375453302795014289483711
2182606796216895306231711173393749131456805042349200152352257021
2386376690177569371307562876917657745482592530004283783587555166
2535423864506317721522976850287130484066303266462427462261274551
1957479972747505885269632066497343711227747907167872721843355510
2463948317490442122335030621134825830041373641916857222593746879
2158016120298347585663986379693006739170010167372362758993476183
1995505892978866952285880394934588462788393293437956480554732799
3162526554395012044879071281966929518122173004431843161303035839
1923906812522426870672843322932434574797177956231259681681358559
2361970541439464814912587800569213054580098592966228702390026231
1740633582333674722629540137720375925902650299006857411943165951
2796663297944865312599671583844506190784519989475070248820228847
2303757610063056654384548220670156047020999266944526126694792667
1868776297046800705939034121856905377982028089836954440006943976
2319250429428999356093284375132771611144154184362550578716343807
3205186785250892127919860421207458630032008077220992988738440959
1789241571068202772040494835318547288279103573400880820709978079
2726880250961747927275151783783385215670590504371222346509080045
2703264767400489572838663139500324672167468803399348794770194415
2093683141453485554655851121371266065862515115459825756506484191
2415679040981882294414139372034381905909667483387307050254923711
2564103939817582086120233258169754959313846292709811522770042507
2770744019249658985639328429884919907827853531307818510359377661
1798651846129190478171178341559167060697171077610760504886935514
2363649622019777404479424023692800846665142302181311396365331055
3109727042115283558017394864271722032852708864446280425693732861
1909216055102981754670023066000871396370597670085165688852666443
2148650431805497598268562044205654341499496390618637165233603421
2326496651866361083238557408450150700302980932734570923411114512
3083179705973512624186889766103918506210735580641955488839757823
1755023955252310345986608628552766921972873937836118909809328128
3289431022249512149989241517366638742231280446691341789839748991
2543077846919232205141962011104983724420851477657214396699508671
2708746996447897790929538051635056319560905066452404216184961402
1758478743014691608237060079724830765403905563964945271348002817
2414746788311519939276049675602842558900178677943357410232893437
2745259677157507327942004376376208888628117500178695887876656676
2830983243502131800400759888953169683762475519717445034030661374
2916165023097331254983020399761970294058161983325201891917813741
2996111866991178290691913386614363135048304917876493109074386916
2978943944735239564045372094983313771845733360805483881243332601
2837100957531186988940649546463559852452924351639589185824227322
2835984653579873685376399332270298006915549842376087336220737502
2026544443189702924580650515359968181582794600298455667097464827
2414201573433811590090859999174102923015621968041858864223458706
2906585682490773897793116849430559405097356860281368733382553319
2408234211428896992774297649216807172267714351956695013237194746
3020392066571760958090753929227596152953852323039387874955544826
2297021726239380882497428001932631292133863367555221634455624370
2029098850800410236039696619094922616875622750901441473491501023
1669234746532543081891144320117331182656095708279459476366180343
2819677329892000870078326595698715398421135363932705509154389695
2570036926613172940678768261573518668859770867495130899868919711
3267159884769099526995083148715906833504510123405333606787653469
1902516971526312291072657624417838463613252740355182653295557079
2241524614168090783391219155870531614546470695324642503205550644
1687571726079582114656977319844014211994414340750958619017745410
1960672139080747710182527417783420451552559773846732044957112311
2388860079264828930155966272016357503391052341384822579147951983
2238524516518524178794105058962011947833859855856531641957597165
2953376310263115210249520554312076789701161406588013988032797691
3006778705551527447280231879230600186284135954146087016848815358
2191309143792488443339603685649718486616845500310175974901678079
2962771517842115392994196772458088365087674529867551252302266360
2199340364251166717038872375600903894440620483565171534793994679
2353452187257832080035800650235411587912817739950229280604552571
1951119580980195765671012500864228807313154595640707278682982450
1966441672101610595326529679657155374863222552733375933215407774
2823924812047663397554229721134651032919836011248382364372954105
1924659834880233981757680722682555208384330139986031858924141827
2477799056991921365203431543074298421145727904117598169266054075
2459502625933368250380480031864104972743666682517132014747751312
2599564986326899826693098931148635494367660530344570723123261431
2775173364556503087460169477422732680672260187899999748353941479
2630751796858457496137373962351613294226650194875583058431303650
2309617358732250506698414471585103218220472658829287684005955467
2993049018778902450535505523622002931857575533256286493567614958
1907908428688062550046021538900405879473945538569175358910495444
1956271368045810242247411436102253694623877220713932532673869788
2620506937003992156233232429397068344223085752640739998166935279
1795787724417369967182879778356349835453256836681078604484803519
2098104820114091255335966868508436221562934793634936137912614333
1775449448776286375711595147751880926524855825205922197240008637
2554095759315529905495242060750181628839881638196033240581272095
2107491288185691916923191847722408514514956545883621599135523583
2180263291219462953294246890453004687933487394279508622574367145
1880891319020419156756786885426083292339183763673667112862482431
2477967738734237559532374248490144503116983212759385210051616447
2180769143338910832176765267149008754083299651371613030721358588
3199712526450297652052973825265900409268968680937270385955224301
2857503829692525828892539456525714714580194064808262039362207679
2092867556901749771807621483796903255028220947709053744902437849
3202765961048735848311789044075085672009398011262589724203678711
2890937280986139628112132778386689464570310995615834783491065327
3138339137198648412343346475991768698759354321762386733269729247
2970512361512672963666471845687979128824602906934629796548443995
2902853844046281530061591343039902390709274373861973930121099870
2290074692037051120138989656221017783570871877608523819414452730
2149687632852197121711891618562460904481048159427355716393500639
3023178900950367641393281613296347508467915327860187364115339223
2621756729440650065884559379944827919518667549179073514075323311
2622925343009395685177216308980312829832443871364449043580534271
2851817965043006621882217029506203583134517346547820227703341056
1909606082159486914338780366777152523318913874572555336208613247
2869868810965529194708567632336387030878303908026441294729832086
2651056332094376100521477671444482353105956643639130277526099836
3256065210892552045912028154624549503478152096535944147783130481
2810038659279527386749218341457711222397083855382147267348101850
2124823686440937782885608572725648335052404406331180120899321851
1706919709958703699427442459709503289448407076551060727291314175
1941151405434581523054124750289591686804879053945859753754487679
2025841427014620442068535202087375598361330406273054495192342487
1857127206377455157169224605839632170373516219493257981952413958
3284320741082356259433237965788283003624521668852895039889766879
3266579632695995901164934636731716059997633266986992540996075385
2487851580642550539663244258003491818909008852651379270771248239
2747087196768184321325239318623623847627434417021711614532386810
3128571768061999877817405087176658325065334399431458552505294311
3022666599000897234732434410318863139252277785154155136052432676
2051601635508837404279609276870843790664819887566975357317611389
1652497861412816305590692778643542986501675999092935980419186526
2606381590953044520684394688563798531972742933912833196301417143
2003191957992316485972191304533059441437316837470121756535552983
2166135853582816343334575084555890529082444415408389044186078463
2572487129298580544983356669732017787642796522154512286958485119
1800029509729623579690623048720822370117566412420254787818376331
2811852251561330136821994105102865289222145360667700602070892507
3199976259198829136942451802514170704541741750022718555640688342
1867721918737738428563527124255152006756937055126218877499999244
3002036991882917050400131327975496739801480929021107812852848275
1915523856796029361601840830679971453989462803192442769521259109
2747567446199240527540598138288510968870970115196436703973605350
2607645113438207044512444660113913125812144398603030211310550318
2065117150043103874626978490464412048594833403372116364258052120
2750429024708545307940749342505737685461058913639848800870595571
2709550512779098155497768404720586235714318327176564456749252543
2006816938975654492134738225499381389600294551683363875237918655
1867225435653792660127897605141986432285528105587153309346282983
2254455605355527855415673940778271395905547137335506467238624191
2878046839217452220357893129054227999706573007464753023884959717
1674681434500273198733202229593635151607385253116618609511882739
2795591714701381581226565138349396277162787226596543934138918654
2231858658107589125848087282854421767035139635100108611896958903
2742891015284171931090098477128393949883942436774845896019540799
1878849310376980950702800395976488207301588697151973542705102782
2439409175117051212084953636557282732647721213902743404015304367
1912369451660142911814581414362173579667953295572784723446196943
3044340553194149241297629883135500550006997192668037539086462839
1661688526263522419095495973690915544055779792383546370650403823
2695936381390456537834482053321103971552493882889634059343913000
2550409913394981693312326684447771291296673893009681054215098365
2633691199951970045316028214590779414798790245279979314437107709
2057233702161938309126971389307417944889793629338968966809395199
2419266802115275581680154613413188916188846872298580347581233118
2253254805229742118740258700113688857049880010957614504447836672
2811397544181426174917860870408886107915162950841988658900106911
1835804410950392219253756854106674705569184302613945587360264126
2264214353509599620727743118871967378922563164041015337617981119
2051322412187402742020922771262670835490972929004410696802187007
3256421437142239007040084370993511555899379169199815822374076223
2164858383872900349823521186726234208155598302146903422916560981
2938955417505276299976013915029853429582625904033699335542636539
2043928258613030054196914155673907708437865445581899073037131695
2632050328964093011054090862543640508621081054990379037728046075
2999966206487561327487035981749415778318765474199387332546254845
2341848030292233130480818526270301139355413321782789604002742267
2088449808124489306520609201546013381890693927349215690105290698
2354559259312773132085912307858895049078793574647411161118538869
2586622033102286474036185057708944199812107010651061170519727069
1975785971659462084917335549307416011661775759467048561201379318
2956760293713910376417027387172587627603207207593506799075981975
2958396076893748462277824720221404278427621473963356638454177151
2727021975261231784456423092931020282972964428214777742210580415
2835653205280952135313224909073324421996374574011107556437516151
2087449428956458125235788923559347524378249514299082684289289683
2891069768642534054676843270211404677472742870696782871450842687
1721817654439599328390321836833881749878734126641568479836104575
2225255254838659904505990374637167519616258232967306789351324655
2672709272588923383762829169889432531429830154465094188905200766
2070771699043808254227724038698567092368824000429154814987586798
2522026699725268436255790889435976196763274413777601607023521535
3036651539499396112329648395326513382458375766007796351201377790
2690587072747107982246338195328303697367742853462232612436963327
2358473363041751491888177348113493642357778749366710080574061779
1706133430076650150221095310216952673372287062763951446497216711
2132966224811075571790585977737515706898992566897770957077610462
1703893575753921830568795910184918554707303554629143104740327293
3021806974481170211010860327854053877587275765252367338851261151
2635818181667420852287117181711407560971005231370767022729269824
1715762747453868539455618549272089029943362436997180349503095854
2293718778617806600438158155432288958151061641531224390800107519
1872079226187266523397475409892194213629051188545050520374499331
2759254402311514339200459052443564180353569031781399734090926906
2996916795149143867697820954011632921873851635347684368863215650
1674517911457236287092101891148626449067529710674679061615313391
2696006168934819301099769895513586288735643534919443130196423103
2137387827205090658330569829446947589366388735104375826116779337
2839328825122816727137454531285125535039478833406222966265478015
3210357511232088324412216211597439384460442908928229538329001711
2199797962786964352881827142376498713505560798372888373481166207
2323123194255111328407774505606781683767346716468056337589207328
2047001941821785589494998373673026538391426352736772160671013738
3228549553050034270997299482310711899668803855223046705955863006
1738051558333662911368206237411913834410641508705627665002655735
2172879254228426800667429103232735919980808218896042181511863960
2777101152681650690916719916940736173339286846123169994644090877
2526199191912181322344145167046240253101204546254866648083070847
2264370791044017911199018111352817418162786782274788057162711039
2381354179033558923141064631775541498085829920122872050302582527
2292611271016880025790743923451140765194278825807073195770388566
2229000028349753231845730544494985706923247739683330992432472063
2612124612026598571563137966224627921472461287827467896920473602
3232958400210226494798308902183162444480326115232878063811033085
2471721735947190175136221748184332402137091695108366756887936452
2057731449344044618551547417629744265187324724603785279396380415
1647074513747281170445836198860861268624668320707710834018549693
3084346233781886712743033018233215562652369118465066566246981535
2620740140132305964484516931619766094334026934951359324404825855
2267039070924022543317393645433521113344849066631003542970499055
3264489256056146850169986846331108130550788964383596865346565623
2375382020255810126255035045135796439461741127596737113780609017
2926827680283869320463905021497438758696198310189494216220998655
2852289875343867697120868889376718970385792890027679984471490463
2234716259021765192037178087268681360262082289909914906384135635
1981323876793788615601685834112301817779468887641469245019111411
3198204090100907536691740436191357791185767615189992547662364589
1657056866479708718013390398066434332447520328451892782132690859
1940220716384272076050572573268095909833282857858170383385964535
3017351300065916152849803829858435474773256148686344951658606463
3000060078947822573531327208147916379191237383448642971736079359
2274680320279353366950930962844330985526257422100275372062669790
1804178685708382274980408376124297185338376621448076283478007231
2460002888286768969419618008095351990534705470801300286517656989
3142879244991103038097635120617164606055529319976595667770928382
2346072308179289855668141989790784752768830118628522919601695069
2366153106253268810163810750119042107994322597632851491127422487
2543937181115922340969635190454462527175773207414039936325107711
1975408748214614971944208542846274861647036461469738965024562811
2312968542853781589617599165107432538196134826943392428282871770
2906901737840372999550863298737503673416777853538947345122019577
2541160633730305722567098190790610656555614725515548891910831214
3218039872650653263484518432419894457633661434659145457287935826
3130610910015351776582346042551900201824340032468183183670557911
2793547002045557777877120416366423676679220962619164921203458047
2355864526342480940445839893215877198632471914219597123506814836
2980018622744499329519475045367504552862146406307439108622909203
2644353868768112196723753479153291213187170019827337011268676511
2378644450341340242075479941345628014570314927733773471368248701
2497037494345760529640760811035790710517487523897033115834646459
3278724488030471507776855445363957549021583377758682013397675983
2533308586710355248405516079575990773599307745172406146866015703
2817794792294003470728677683006916100412134621268027344159752127
2766431642277257934776682516910475624951280350168898478654078967
3083564307887972362752594502486650202573533789976839899911146249
1719088637150352306702315349417763112535916718929225422101413819
1758040909131240423543955837294842826538417904872999706053689295
2390106598291467259425254813381562552002175859954712398848326334
1675044571821896248404437913687768667793991101989665758290013030
1819896645763184467713676745067716471198452890746718344446992350
2920639329651529001604876627088383448670292861163855085252308959
2439251335405747501349210087526140340152675640785013406617779699
3208077912315442858447969126944474233807206265931094133448372469
1819895865134423093499458889743530301790815453900593603752525819
1687036079469120210254967014889429289925971096359821333965569695
2747947311086735003584097402461786523152974135440227950630268782
1936830423894752533021511666092426570800640620315035627533334506
2563069372107179920519347675602037039103519490654015432668319742
1814188714425465910875424267380614303991272646549055097206194161
1657467410400244315446513222311364369173084532991607005143040791
3053313985196272804341755205404770375209657158506592737771208383
1853187762858897175460442835482404605906510454589235593783014654
3106985079976285396010227053307032055535496737179167207994620734
3290842833102289382922600369400953617646236140858121162994205249
3244470583652635434770805538324220607792754481928262681211353022
3262658152631064787675202710665658607329855750882542061491257323
1904815773616224066367851017994017477496128634081527622934069243
2203071836803103778478866413147776645425717199829911865042927295
2254733036756356334842339840649533152824499500155253596522267999
2903349247498743857514897475721052156366457075442415162198261727
2081357571737831685209530392096995029577326596098989333535509495
3237015713128567202533347847174879443941525114753917830641361947
2563717723337967648623426215630252681510685691116277260581379281
2569356047177984484735680597042153993502664821346170120059617129
3183732129830684085785465719175801130910141016199249035479987196
2797356469185109258957089080280636671522487151815628206816249854
2069478573480359626768719638461764545162650722891953656095943611
2441526287490755819826160955843858085020480817211419048856434679
2116569902276443658675806548756143123929014239696831765850457350
3027862012558630055923197962733147507598399073358126203478736764
3117752677982460699951060350825276496940838408436091884683650875
2104989599615386108184514208354247446121718946832454745047713922
2695004449392991662195100039839487707385745282257205208556732094
3027496031616582162848848580761623416765311402396371862206004988
2562826276764807321183507524188187290615257035168840687141077470
2460390113336954004389510574549819270293320928153042078731317055
3161087908050151629148976034359702726847607258108681310616485758
1970060180790944207769109402735124676534687918589946278824623767
2497988911166729978690624846601449819005478072638976030649356971
1807521722502868003186056381330378653072041477039160132494030333
3104091254560809549501409123742939841616420490530815317245985152
1785451397247701482252511784575078816019409588241433361219451897
3100516697223212769986785821916056395339556527320678778216249210
2836396045816452102578091526429567343452074684416926171005974271
2093017266979620503475877183701592579961249736978791125987358559
2450474752417675471626448792650375572642014031612673014852419223
1767591566081597736001647566701623916374732541669718004504436727
2380548344648715916593595231158790885603698247038282615540416311
2366871754285894900136702967566401554425121589913574423393124079
3158662694703763835265662895587071140441672075719575069460529151
3057571969396520326104996164936039375394260634607176301337902045
1979767141666367007657546403106890196567184183486727905897086975
2914579951519903046625835543386298929967505271024679234610117715
3177677800051940506554193793039779387183420687595545392181936123
2006676161649225253264605120953192683382706072452532908436717465
1776494424404477705750366950129444859084798475387493202077414327
3027690642436872708046183781799463709545038972943816104489694508
2380558589433736385096088164200461705577827587771315647680479038
3151004587867728609650148038568649623486545879712745091973773550
2677624382601352806433853297923103207107820202704478800759380145
1955871899423739310886366691671852204466845407778561928713954263
2821619876196092518073288675689111585531931665485564859170956706
3056015187930954747387094245793127113744326718152915278198461899
2212713469638217900733882909066987256619743850002079296857014271
3136364829532950017971521811153700870630269355153008553721934060
2845075801606315454507751690321295888033636941262771295979831908
3075082160084523824443864933179185576418499434316401909006072825
1890937196727300235345301294610934439369124127557369475416915663
2881335847556608543656656332999514158219248051457466761680527656
2039717006100024949639737093783224295726987614814086411865636870
2983634887664411286723332189244014533744532826768354683988212607
2376592273341189237731603859491919845076301882318842440802336767
2301090703441444075373294897418186476079406942947956794367933949
2081180901553899275044571021580009574448095668379096946862550015
3112400672755985604132168769416484328680953252298418252751984122
2110125427343133353025617551049477538464339158843788107821579247
2582640143206520978101182539824626824208393733398371792597268223
2130697500310532645143144978698859647118806376444064458248220099
3063222393762193597620807638298490096807631152812130877082402671
3264560802394475832245552950023840000339608718267800915759857086
2220358076889779895346783822310773248358593463666586192946051695
2752318365937280572151090696786270010454451714745210394745247170
2602909875148678035250396723732012979691641480995060614757280447
2038549276028142311542907908984920549391386020563659353694863359
3111683642616306392403787667644299869213332568280076675459313626
2006857904511602024231212439591935684830502366342719997431865962
2130264800410161595866174269041056094332667926148423004718679850
2801515901426308334575922628961410697910678577641972307695464303
2365328788655902201738320413379659253309459956175606740113895420
3154479622381221477426262902291535257542878809952074303531343871
2449111991043797154584896033577565237867094674257690543032096735
3211866195987417899558209526714125205088671070830331947716181327
2757025288103673172551226709973610365063310076426716162392325099
3281324622007519142854828983814734631945868461624372409290021795
2798052622508996057531170697492001650281048763799670431277805528
2857065151296841583776792635993349836591623366769651861519957054
3049398374724477955336116744467824750196327444343991617586200443
2013142521771293471235647860542829766970266254468617246866930139
2564462793343514161393021833080379949358122009581897557982574563
2355356044771970957758012664410860565419847057689310658761193183
2001635843592804133674140033092733269247946059595071864858181613
3172002246637349115618219844686951994120451160056349971245845247
2551612132454471827547111656775585119247858297135582695043102206
2981981686343582411379951430785638767852584573560382937502310139
2860447247507876734196608936488197782930724643399781182620004847
2928514738277151680333388787633045664036186060126172641945976310
2489396557212636842395568609715536491465777689196222158108518497
2941068729130499064592033755923486395531512605387956448971980669
1861060016580489043733232862910690914018620823693508178343011918
2338063059249206889455456300998574198522979075214676399608134839
2116362114317483894595249608183094663317481757972183314803441405
3225564014013168084663701178443405810996736416604628376648416950
2778035538341770309200429174734468898529070433288468895404699647
3260300254049357908022642904866327387413017434439678990875485886
2346770513550943420489828957442506031521366529239976682628320584
1693455325170522534868587556733992323823990035571543569061619199
2463357958050345479415546618182165201310678910167008036873199103
1925776990383256521834498938488037178319391387987769226167330816
3192528094727058942545191386911016269579118533955127400549310461
2093890422446213622771544801153832153484523653794686372782580232
2986970134768227997414635783766156880380929346783950619704879199
2111432591410515296343624227172969445813736861902407065125868767
2919162013097203121659259045314185428926825620838578679337630051
2843648628899247602790873733375569428374221940933307701295697691
3071287746553370942102538980575059072144946651147297380074780654
2137548905736712320235436335053618030431873403296333456553276350
3201151220296328102953352775373992553270816662297290954523647709
2089070125311264502814926664442870439695525556702086046874075119
1690824470441644081272344047853431078911468279803517767363897661
2429292198608838156171252790628270571883434304355111128042299389
2535397317655439080964560909406512765114476971273480622016552895
2109350744786747782753125184516179934802960536984357261712293370
2943708041175951773564587896592820414500114105596967328916959182
2409702594820655191630278507263732408870609665332129424534630382
3248658568965771755577199765088730794250199226922306520555122687
1903091815749400324145966284687947579076727554130137742153390789
2151347535764415043151459506951789524531498618921314688566098655
1886870105206504771602761410110644398826553533567478175521830631
2208999166315063928896228469374876336459566676081020261197921659
2235084101839911536062358351029023069312221281780856382069665790
3063085047292889990956042205637645111500800380740848044937438154
3217968513618067288284129067445529882061868423552309465835763707
2346230224867391702283203022514817207887140882583993110298971894
2471647249234677410302180557577208465148506139739144804068745207
2590479337453227901565089363476098388448827773819689197609989306
2769249996472600640029650137826103908459413734484557220814370216
2916491375806445279655876481015915514453989739006144164436503938
2759749417333987447871620282952041903460375136942994524301785087
1844883537351752903014509587062466310698807828881383275172281577
2471230612116869101867896266348092937148550240136222556548890511
3058681999436620203170776881398380720907728003445315544980970227
2896988759582520755887833392313815726427630411291586528182549367
2860983910761302609668289404790204227032635024761563239521986327
3246408483809236738923860199218640460213991737572921410790096896
1781878963331417427596895024406708572786882545857632657311101331
2560778121408417114900730263591142014223303470459330249967484927
1974996114065116753081159604113851098622774617805684976719319027
2634897970042677900943885731727154084727114283328823198423667581
2670580127446089935705790291900660648429461137718801817564610523
1762109989838758840324008429922946015329432250708738327506313214
2349013295987736258113888674463095045610607459110145934449573831
2578610586402212001613862033054045625683988653254286193743887231
1980118193335183731574371317843905667598653649429793231312779139
2258404565196375802934614322756462689528054173193156408482004991
2417359852431650845869699905706926731935891787103603937389060433
2364050548329094622696624800533631045594853427209469328806575999
2611828048285966164500174352244365497006139883611052828289354231
1795485984769296038293033620281560965179665281412688594831649724
2993853502978645923782987904845338519299423180145073319249479430
2518126809613443400648353071574504490199462574638652155093810839
1992124893384048444421944716069464106516506224398061059394502423
2560024403701734495846179706333525730079142561441339746276474367
1712543471029191352828897597204232406151161082605391890667274175
2426410489391067285842336309256835279438893125900335906421473151
2318884602564376357655096271430221350410086076033101489891553009
2155197310765589681529615274697729097847453376494367543112203998
2802944763669047581854106981294005196417638807860954205039104580
2483551388563385902607374445720896185670702366591944445943350578
2299368417008133116144915555286107824114372424124890681718568958
2303443662654885455058941986589767681398564735610359480565350142
2883876983451175698648596918491708962013019196264565230983376893
1747687094115128022484907273469572696334681898585659847619882875
2710842806135199411138425472723893006210497037663373002803634175
2680506567262348270965672497213809976649632268027235577553136603
2484089910935208182847588944837823891807601722380437218689384063
2955853785328697751549635908134234886823623186448489253206286650
3119285218643560294336826108847422518112922295335688763701428223
1807612267609306848611948130215396749732108154534967361659666427
1888489768201770904100708175124426892533171955727156842202135530
2987144199045583088539807348379250465648121753466849150595984687
2611102772214164745311751905384941796075954104702400340795195387
1736020756447224808938306667439118364927879919667809884709978079
2962535928674906415650385539877215714517760799522485609137438206
2136393101979000556590990429680679985828069680591303906256975855
3190825514370768003987712515480477140649599735592701162176900090
1690499798731297861090180798228919112374979927382179963840231279
3270012004096728090568792867832622466872245187201470947710124025
3227961045627481959836574440290646542061679044585379482554824190
2646520610559205900513237422742067757998364166906778751231553533
2331617798519256969163829066621292767883006235056292489703841725
2757195934398314259205671303379537524059415291437294359098097397
2643484383160383708320984072468262690028523981159925773348421035
2049403845120003776800040674440107106682438928958214365930977246
2236527081365880768797340837702982083999204770251818457994660114
2827613452227263831212857647585840716812498637894014611187823615
3056376973325462754370979962248415177674737162395953553061242943
3101851536681256711550650166869815806709462526438849944888049502
2696305915883829346736426689179593072934680061919745680788479987
2348859587296595889642953696060722170778384267573659398248459258
2356322970940216397365430249914384246003756283351551962953807581
2738223982924377721160423853063886318375022171705370416388218617
3056203116281616903715243890037521955102860652950308960403961827
2610695956090886336287244208849756453184032245523858800047177726
2288377210286374404780474049958958309024329419246147427867025385
2584511192655338348095030041018646251871901770969108905434379457
3003466786755582116802713539170977893199516182998188060335063033
1984002489961446270559566890193531955570806552974819078289104809
3161883958263137999450833854139004714097480615975459243698421734
1780623541104944909753474808221904630352704407984793649692018688
2981345099625056285167584661837523126363875530931878958008281991
2925306368611652141176656750007636581850729018315457932366446559
3015484760270331514279299150917859953473481922330583211700092590
2941223708836265166019686264935627072507825310912715573967105277
2237242004504484370233715716714989237827426752943548620390006766
2792486702289167741857643225724593807164168406150487449547988983
1837687127102351724327731843788142887266661828029881084524754847
1678595309033002466990554921720459843460622302401299433876615167
2181432910549518232448866921768226169636149026357896028901687287
2587952572580855192939760629377006279299495972584852886834085879
2718276435053901399050493782687778038049642263586566259805484797
3192860987935590682309910118728974123001821615936020369796649643
2069311409996682680060633888454010540684794874287975993431556055
1718490958378867763800189839067573453411271059556184831909408347
2474642214609350382336112670433177249955568599244633810050768383
2696014194598193799075885221037899376169176689233723928211816415
2570194175567259974373531593110453169632366874301241482756743166
1835172965945796040655532743828041011166620651517016753422876671
2052818812095400523208974400471568511840032577591083875600137213
1823698113990450849970869146196446993052628368534791809126088699
2881170762655843921725414481941515070639504909062244036081548927
1667871563756101326605698329068900212139751451566720533070858142
2613633501178996674861222067014820225211124597335240623692314557
2294691516476701926243185450708376733914984642449909788524150517
3148173070251708257095567741846098322498035356518870198037107517
1647534696113122690984938099002711031639589358488094993395067276
3111641514402324704101794652646562899638978848375816933657804767
2988001878432985135129041176756629850558649349838760988768063485
2377617672021630566318735317842041515411783134007608510905184239
2507676653300856056208324739136773469114576749883159308484018039
2724953019671809325862805718443128901162631241068238564465901434
3031412805219429418335078545928542000764145453832347420444789755
3077482795683574649609022185744802726847759737384152549788036107
3287963867717451919691333754984461784970638844961774438293890935
2104940290247207554535857467616856429171560605428839650411156624
2120569776866127194398279554652851989461957031263754191992297162
2035857231458967840007645742217326539859491307672199408978838393
3213967884596902481639007461649513130737547491807806265128073727
2253943327369817003474110991690503529395947214273110057426745023
3201296126721559614114398258078038496195030624662332272197696445
2545159766832094276991059655021087348437828625064574983859044189
2204755269330169121484872289688614359230822879329465508483334994
1956253064189705301125062166351854178695443044441723528749151965
2799861574199121201369605942818412761304331379672718118344187391
2212531486435404609570055546223931676098732797249038054529564541
2311042838462642837688596009227202755065082804968889827953737183
1844340453678732224668413835571649780964165914176332097041016074
1985625177020919287556082704701795222234171984525832673769293908
3166716927472808494088283957215723673436710804557069618773885084
3057498719782953579600345403271433926942774664734587652101099454
2795593520867326327860895254382757845896808154501003395993663990
2995595169352856317274425887396331131943672455915692789510176475
2791138989628534789269863081152561989549045303520786804688948125
2665995431219387022270928572201588413311122504421788026748794879
1808795514667622316772332999158369565151538392721992340389986047
3056255243856814166663506372472101619611579460714223766299605245
2281100841359523190212617614735707085304042719997802336502087679
2948604855704753781236978663689497971582862927941346452634945829
2346775568857216149495066952252507923814753075023152299745603951
1716742079201454864571983606134978851929149850060931573491547823
2786196565818678297376810785629148859039680533354268411291844616
2519279671935594271343001866221856289601660144657789734785875966
2873322406659803677468810104379417662571436489099595892440029659
2077640475257220026173689417539287078488670768842935498874484607
2412872795725971589109361649954985578911161923393241394159919103
2010855303119265559236470242367636716156650450872480302401318399
1969474414956843250095462215650897502327678290911609896825783052
2606477813103894759996572407582204937998745542545750468866252494
2299785412332811849576590974780664983343596772045001702484471791
3132584308619059304293435865289208473822503057918016844581500287
2622120917487459045088583382410932295880075908837612232726504435
2691120599115758494782865176436157997359468940099080118723411839
1822170709356598493568776876183220412005937787763035799863255029
2430729773070734729368727169619205603221035999767555764285079275
2968288779394174694516434064451696596432897613161374453201862631
2859266078676290354989404265082860894647740327995231224425348475
2489984446930440606540695959285478112212943100091162223579267589
2294598723846562480655687926197856534779602596400596107969547199
1687592161039260443564510210315162591872574586182806667180113895
2801331930077461879225283929174544278786324324064539961897304063
2609205713368962522713789404610258514577873740304930916034150094
1674662596544928655908677682339064212800226361351773923420372991
2564224320803227465251995731234557217916219624441153713444207101
1914622587711915610072157276756456559223089843887296699038171068
2084938666822896768215874744364139107077482524140808274560941238
2159111821706112938491834856957650137513414997527823669786415095
2196758071450441524295757127253530200865113252092634672334354887
1716407228089738552057334871467858567229855086913002895589526523
1774785452017614726352130917739188413794810259626336584509423359
3240101978606627171599761741418975286057479410948773287921414139
2881473453312727308449978353141018936222527803339860462691942047
2391109480814051743412506516737014751271256703844205664080219126
2469086698521850504607344690861223027184977460712598982037503339
2268580298812182173256045533888249128797957208898185007955174338
2861493149858071008126480314728940136692232184256246179071018542
2771331980455535049738771394410208901648699715473861613724368762
2625461828444045571332998390865813636231364170639524162198028063
2904521510373414288870849691050432306144740219132146782396217279
2190019124292257237653996088775674734438757714859989437115264863
3196650513840473760647340487858113006745132638361641938555729790
1948762687030467583575250625584975003194039406554716917204893423
3193142800392738308534570235381758798698646142417879373831399419
2664857130964183818674298049416530911049075846853736343625775615
2823220404361417921497197414548992263939369705412536967792176879
2345185026578054903150510523997451483032789553026321477481592571
2678318323029837551255234266312705219535927049271538357488303975
3055876736103653256859853885244995695645147098095264638891192062
2266194954131864089149038743300257835105934490374253439035899903
1714552613505885666803236721588222150617851832398815374853784575
2472776186918235231732535238222926848739757979831845096702083053
3240620719275807735354818222199130496262424125137216550378406404
2159408398342458390851720750462366890883440835846697302650978303
2538176681229260469860662472538473707068353811751689936990896126
2449191144801490654682756250879069455459552383957424793913392847
2743889278737202523932248489152746831495610264480220981571354633
2289926729448979759708614453498120038204611565904715810412160765
1824349317642763261095372802622961543656923080815624583371158015
2965597009875638222364204548933337517470840793853453422208868025
2722485720651763387606633480662467549307057888284463708576639993
2507675493471712830917646360043470263409199738833151179230066655
2088240508394906810292897548798921616071896131073153686732520090
2956610691717619834741904682643175814897705433463903737677331959
2920803648682671358223854941350080895743038584067172200362000377
2416174132690158535238711828401944370313262239577484044210503039
3132927064727529463196326462361196999726354894104185948342147071
2672498371055491546587412392151939106452994673586465171318957970
2267361380952414086275964574009483871480824879575751770014449663
2338878473863143906797725141353833384338478535844104870968541171
2143304389208611270829509994805552871698296295943357746567446523
3237232195310147661917317078973717226110324314296905379186985966
2389284493571977477152698116643039769059037429144866637706362879
2945478889218199951648541387344085173611734106754953176523205117
2657658655830070065124194935667692876886622095032524623960824799
2186298495580603835028071973290723018915316605475912720657153335
1983655055939044990407842975944405400747026045237066098466993917
2875793773181722472713251146598953459103833234005131468394237887
2664884668927839845963108681796236428180195836648710844855311359
1888562360475781456165041935672567995221453828752652112523246454
2772021656385880480493430049382959017441198642051773874813927391
2884135152192304086969272443453869969905695120332150328866635739
2778293678825680378796259246936992339442912464734103348618165246
2765236909133311870055160531625037748515861710924753915418226303
2618271393023027444758425595616399569150641669806285664816532802
3013722751919282394063988178612963621914241138701875702432519002
2598993048227325936898357680949837056625235548272289964164476401
2100127996764759014709727376172755706849668667981283400119660452
3001825267494176586535082490504817466955551436894101740906872831
1824708685715271951208303991592464100346969723407310278505740982
3080484909466618073976687948365594001638891292306351324227435006
3229541745158685342993044759367613877755390681512458714957191039
2578611364777306795020862892145126604576063799024877853307952892
2014571390174494833250838618525318021800546634104596236058212319
1957672636997459165518752818816348450708021146187617980645326391
2864698874100899594785156131142929936673988076795740532478976655
3281170491592845079332446274446594086466937091190822695439654395
1925512280540826057687128969759363461321859032204897578223202295
2254719823614793243030767062607619418313133685249214749438050201
3091771137395082179067410549521818544512087051999085255994638270
2136674023531834462284396769454624066440745604832681388420873419
2887562039796992659213598080565524038097557626973786022270649051
2688249655356313614493248679536554462433214568972659448165187740
2181521586042619834347593628687601010643112108352552253242796221
2250532856681415031482847051142344864291999991793298413293928383
2678672303583812800476600247470351806666908559514447514059930619
2745274753619678276966609975082635348998097772169213865501224015
3276870697065822455941202200569464419279828834347052038477560767
2293391060425481391596127957913739904609539888220625664076134495
2759040977055571027471714768209296457503559189180036944322100725
2741222334873314932944015227401105465956091929005741780569675773
3019155376366963833965020447063095397278430438393571684585962495
1884007877198481168968560422943227331291032275245558538528095215
3043963121003322803211072481443547076115189045962243635592035839
2365760505665524416517374377390889370481507503383761732272389882
2008364825406524377615636196437247526860254578521967057042109269
1782029631839188457610625831369109085423454794327064099643456999
2886319788569000537711170716183687833091188022891937614677407487
2541253140902769008561672231921297605929244589698764354642476919
2998507692244395472516004055645142893558696888489236078865678143
1907570673250936492360825584127653663160778534793294536436165645
3042877525723555357012936841080777439799385191780428481655791339
3095217514866051826083032818487169518707725139062133166635388463
3203459679245963722333849506935179999165494247585922380417507059
2061590850382742726455701276310188477520017380495470825407641575
2691667021310965499792487469598236173808567646569818135519887155
2686422774651261324053813086001775118687078626096485371280878843
2802744760434071770530854726081545542057539775316539487241043838
2824590382583004385085118428656419244762750690047852375638408495
2914451856202933970002259998632865000238184470673105980691046397
1807057734955758534962660809053566019328062692919989392999300432
2776288374374170078436520615118743978553176973797317689632358295
2921274969859251222671177936875128429159255676673659826123292638
2568905152275226933976009727050794874712755796843238335862009325
2638325650408542714154938577337718101129414347857922456929956850
2716295313872415071657107859224450232542086366657260984857370591
3246734771934905097849977506330534425683628120141121854384307579
1700239282589572963604391632632183963068791659639638988451478015
3089177339649764607662454299835946450178452660744639796069432503
2357378948842404658994984395948786623165709634970030094971568123
2698788382492539835120475816458533340504615663809775215093284335
2340856634491474366256428262825902713815454025709369088932724670
2983783038471617825445079922029234276690191683007573477380054783
2716036672593290897519945711495414711825996448298463136627816411
1726489758054663236728977716929479502066541272349096779923842934
