113005750195850862841993854481728013562748322268331797877481439434123813970563393639787159648515590800101807677328145707750301629946
133741448296370876189899541154379568184047387799426890254019515393012430877482507270479617313370927225293199591257833649387043807222
150492468767480156688659610822686301548187569847483733428421786631184636236204152966026169218643267752082266616869183362572241272575
111540032116087486758198464800768481702513292151816424334558164931683550739636731435377229610686941886534801293068497462918112081902
140695983912855531667937591265301942386506961651067197853704359418243878326959720211476078541058010826638541619282786375399309703679
107827655994120564857964183373762015825534098323436211183891962965469714704793741468265181816119731126886899557054831004011959681015
158539793350221661638547356015568350891669226504157408632063290567179580715259701786818108617887464535738692134787992027331470815069
173781622304936104502140565273633365353602922992640436062715838141059527169413562341932217344072632946242472293719494623313137284121
169741578761412576668267781349046636227951849082981595448674317068542461137311716963564240403137861812241181648286889256057096541374
154754870509795116814871542776377896565450443391844198458514265045185452349328360029623883563585501222601361835510278817268492533759
123816175432072704968518141441972338661006668523343602627180166661974320396347281015465212567853125831811232285689561774902994515127
122612369245480499348185698472837029297458641883998962102400087371584508435921737516605101434537630907626669766354071176026649912157
160282180072603758681789529373428553875064177802018341384807657099630819844834867073732407666548055410783903718694841045869545750014
140461078950140936278942326697753861288829492691989291905523147914123108550318469805827919134653571655596798775968471896776559197901
108478657214854800498456084661324723262053710096599730001958875214052039031875585744927291361177994157837719459629582118460365717498
109321839970159289731307448575489248457910884427409385354074593722964752788871092430857270890104811769775629094442180561876580986877
114640645724277550693726433786601942398735581688847060448818139565341155295666205501684569163389759413330675495590681027502748692095
142407518983571786300017939781100724735172662410974705728842373181831517594266225058212344545165036477087802559382751450171441151471
114291351835864756869448763066066367278352272349458237333601541495635026885480836334991789539342067277328468882077636820378846927441
119384084169204037105247417896811644202260073294929929672357050495304270581761584485013154518073258713223612807318520122196019540002
136907558559678532503089444906225832185902100236361262584272585417604586318807125996303246219507520668438455077167728062428090325503
173056743975169594252314632830771946091027107418722304531247954041710318451088323689759305742825972944385101142608522042723842129855
113492230501301370644976665832122810422394765372246396815957589564731395782790236969942149192422393266547700617084419749769512355102
120946913814736726454291346129877130559947348606308924606513384432052243539235212746166119483477803293360209916170616996730719334440
108443594065065267986314761288632722110255332556392571218928748614821515779616155907650418727264645956219891804441643831110502295535
152270482157805863920452079936556471209655673324354525586049543203717688677230289831349985000332951368125456494008654780786538442679
129538249534247367466438704702560485779959987118592195003514140217037913507247449324817026169124202218921952333851303027539193288391
136532357476305274430317618336435912173228492019152829814134266794246083474852915088053949483811598361058695753026963500869445482215
115965751051109401652102610739187284384614297008965289605232935933811547007680551371092296106759251761766468139177065559042205015663
143908619610089764676060670603363523864624866062121038173073781847270036364843033240582585803856633057970623882364426510596603609083
146629985047476682748604015893082537341263580698951529003019847125739025601948654015729428270479806426199709444622598622091399215654
156048878358953538846457960335272886010645552802918236082573430269491047227942053172211523900151517250869127944020861068523386261453
130461309162397702750263198326131392779403674632035466099236131799472200866651017951300268144648917595578986060836145577445215402476
143536278884804505116444709943154222440136694840928401703575725517881471169891818276116327491962525265554858080364617512683525753616
100549691710583224731678645032956316788781732340656149444277232135652636578692352043796850450751776083320293054647733033032916160801
167746416350705902215080565335325642636288657827599935708844153222073305278043365344798038209982446491173056916056205887374647886099
126611380052049774987017991347419793137649760194155200935730253510856778647010358431635354210039372878858417352196269044638433529089
121559197657647315227820306425463428323850801025898165418276449171928646434334017980387990800197546831497258752519290543960215191421
123245581898637208120072642735250577277639236657663711349798219335400514775251410228401213081051250021018067228677573502396459379711
109254551054416888274951354936498146675357017079892671550026217199863302520095001692532121900049050511625832160034992740430154563001
126490116006296236172033734767383964401748752419076536700673230785438896823198467624638729839700692755990660521036728650149356634035
156639223903366802219157488863738085361674941956275946814023627222458776877840136051602588376015589949890982284057798303459645575139
159978057501514926173000347238394794056299345667772361830165655347504097638663134929872027345246541618811716581244649043499976094357
104550243715166511035980007532024575361256433858158097639256268946333017696186483001059709806100476742428832813164498004619059265407
146096897537175344471860696229652770577054066097667248594690425613544572005804755547458520280575450114216962481251168068479794018293
148364839812241863139413533838978256522099269801031154059160178846223025654983505497857428089396461574403021599247520759253573718925
111849411972344814563435240314984376586818777868083156148011492818136187839343159946153918886291052773044494421125830419136153134976
162228255587269867790040979799195483921829542949311048421257014340797771205848562120102238583979195402574710145992417643861250930111
108025034261908572548639523278578524006273643143703089333270148706243686261172310538005391455095416179634666409087952537037950117254
125692449350703299691807914311806348400926833356920999222465389199394298610479234628851968169060189305802934579866814484540860907519
170853266449377607115021511436770291686985281033149294134243152521020147888436712029861976839873868004721347262278060250962692341247
154134704090597917566220683373565724896330616986993798019263000833109088699734546963870021861757543394372720148747770033018854440799
120214704851440896623090832154944843788459120904994354001086629639940957608911408543348202163847703839737461127851577234526224364543
105548172565692403518111296928227739858328606971955689511096898190363018258075955283789916942032343891448083972831509357756971183095
108988269299415961930559846887731306712244177853570446367066115709427434828973488546427837200160736072219129376740008080270333833214
121616910025646591820694502537675280172742376911294860746383799995856577200300239463108779587604326639127164671819135432313975865271
153337484391204388352105142533315732332683663697834097546808994826371077346021156796444051157669189542001139512896992102868957763454
120876949976951451054526483760080440707440806470631358299696786274115249853479112916302990044912259655043070670970967661072569379850
163501408722363721550338419290411685106667859347317907731660092953566360855286285586999871547434854787931962185701739993775941189629
154870639016682237761024087965989822758933555550836779003866815867980486544521564305148122499042703967641308323787545043264209412031
169942470376612711035390475343667205583806983593698114002770478761659603483345592178482720442245590197118182039256894259818114578431
118336165580241144219912517885949242092892089755803945958847681159250554001327154756651584123259909081362634666669563914007508680439
124175573846498969525155442577229621983786984968036327928639332515340819016613495110382073853141964701598598942850997208244125958139
133689248124458523318848439963981821576605791338999220156690855349299469975521992118392870296311880549223940701716770264261907578362
130528282823730460060863765410696230721241185402393570436750011677265610896540559080743205129281631130783053674570835770759800897526
138830553364594395599190838431227213121435397958032719392138268409620605168080300737343020059633629011835079502019368468769535394782
170486588491814115914872353093466714074182907035588857238107955130239720107357866453016161031101147555192244365471305653952105676671
135851507196857759740495740882864355058601599095897599133521161120250120018547960386425929273697330375376431881216036070814415447003
104831879680672400422347337263829053517361960163488976179730726816554311922628838318707802900696396540302901246647284087423375966135
143552713513300313757338009916902024539128362353964279760442347004477253180487461724794207077479646662622407065212136229110363967487
170385765156194228828577055760613169146665881653373203957434452116085617909202159604384385993912744238658604189562484885664953531839
154997421412384920266656545602514314216171411149050899658506658537781730681116608888413061051557003617649694378453660682514964217015
164200083069471154715913944282911086641824275147714354695011198785713419476984152542179673224509158807219038174075782633288893857663
163904347155365543126714625272243025744133718184284523700478191384786061248792036747663689134773145997057770915616383264415964762044
171607183441333148130139771096621483030971837356354824697511410237716488507433955799439727610397390469942450638578865567612187598463
161665837060321189098421473326079017415012376787775516262258267148346198200832263019749086615189531537494437838892957683367422137336
115117044787006203922154811709673974454290078730343912735457542383969597740492237943628957380567495536420994377331296416708582669787
98843567707131500502847585495601908853446156556266499245099610599043240614800860014002027898905951469503543838511033122909435527437
154818531435851037741168600425960644870388795332803119995919334058598318891897412386560216872370709113286344343580071625103398350783
159313725965696805990442138612477533751940472665513513085040607942165845678700264309547270858102466235760658349731092875786038673403
116541448600224860983599011312540602468627657542872927094703344187229982907930908011307995397009842019118487048931337523704832720383
157681942817899061729200844081159061301327064690341767981837185703833560463243073755234209744023393911789699127838837919734696968191
134454991816413229963932291895263698026448939385369723514847094133849630284056280169370084329062214513845159732405392341175991531517
137584757742061658196412494390884736219006357235373619529611079741805500182983061062415340367628746304141069600129547068660932073383
155664308885162556330443141981965832085792396200477832300610800654285077663365443310969660512319596153410640033884543870849321514447
116156852531550261442806494934829508733603750394087786669779275169101045194801006192863338638771013256191456662409550121400343586815
106645397541452742176633308696692826296916015449797565021011780101131438780601698407939717312794757260645407999458926067878697893618
113200214023669837144110666439743710447913915097439471202677731080542571670284913928969043175021086023468033320590024278781134897151
95266951687368888829508175797204880219748229780613916466799895739218711718141729379843497275507518581218898726606899320344841011195
139022792129030750820007324031626807944182398732511170579021635300033536058500032530745588141446038160514582070929844091953526926079
98433478846533085159335010150839657362244987759558530651970563516068615943053761192425413203937073746491985006222858360559539326983
95684516867535141904869654219566243766755486994655197647558390122784688358078441195341225329950804580024505999325062978149715619583
114709871497384788764084247426968104391275233752376727103423428529066379847649071502640322685848808559701951176832037461445488365374
151080655804030653094044378607640667696280404613373278488787117836633318695167073240886089302052351721945426565408357937121173437823
175051364613848736765039878851624355148677882950413352968327488229057738861750625835245905845326440280616138485393316755316490091902
160122710651976412705408967851813264613909525767857588355818498274281125686388661434669554716623567880998886026708039627694143438847
116728775837343527786111143025683461359673747811123942913820749174568775622804411525744927432634373685948722462018760800773953628947
106721169244609412883145874451376512415889078984621623539142569153638603786980805635806054831394874519161347153567720409103176918143
123887014110507917317603767167721873393133862203057391808922276440480131551331779404146052624088625325289893942232984808471568310255
110925767721262858792620900499371589013059832931715229150818071059817629076256217502278495514706468803800672670276706754015795869663
