32768
32784
32792
32796
32798
32799
33032
33048
33036
33052
33038
33054
33041
33049
33053
33055
33176
33180
33158
33182
33177
33173
33181
33159
33175
33183
33244
33246
33245
33243
33247
33278
33279
34948
34964
34962
34970
34966
34974
34971
34975
35228
35210
35226
35230
35225
35221
35229
35227
35231
35020
35026
35038
35021
35037
35027
35035
35039
35292
35278
35294
35293
35283
35291
35279
35295
35123
35131
35135
35258
35262
35259
35255
35263
35326
35327
36254
36251
36255
36316
36314
36310
36318
36317
36315
36311
36319
36283
36279
36287
36207
36223
36350
36351
36828
36830
36831
36863
42314
42330
42334
42325
42333
42335
42458
42454
42462
42461
42459
42455
42463
42494
42495
44254
44255
44494
44510
44509
44507
44511
44475
44471
44479
44542
44543
43895
43903
44030
44031
45022
45023
45055
48638
48639
49151
65535
