2097152
2097184
2097200
2097208
2097212
2097214
2097215
2098192
2098224
2098200
2098232
2098204
2098236
2098206
2098238
2098209
2098225
2098233
2098237
2098239
2098736
2098744
2098700
2098748
2098702
2098750
2098737
2098729
2098745
2098701
2098733
2098749
2098703
2098735
2098751
2099000
2099004
2099006
2099001
2098997
2099005
2098983
2098999
2099007
2099132
2099134
2099133
2099131
2099135
2099198
2099199
2114056
2114088
2114060
2114092
2114082
2114098
2114090
2114106
2114094
2114110
2114099
2114107
2114111
2115128
2115084
2115132
2115090
2115122
2115130
2115134
2115121
2115113
2115129
2115117
2115133
2115123
2115131
2115135
2114328
2114332
2114338
2114362
2114342
2114366
2114329
2114361
2114325
2114333
2114365
2114339
2114355
2114363
2114343
2114359
2114367
2115384
2115388
2115354
2115386
2115390
2115385
2115381
2115389
2115363
2115379
2115355
2115387
2115367
2115351
2115383
2115359
2115391
2114460
2114466
2114494
2114461
2114493
2114467
2114483
2114491
2114495
2115516
2115486
2115518
2115517
2115491
2115507
2115515
2115487
2115519
2114659
2114675
2114683
2114687
2115186
2115194
2115198
2115187
2115179
2115195
2115183
2115199
2115450
2115454
2115451
2115447
2115455
2115582
2115583
2123276
2123324
2123322
2123326
2123315
2123323
2123327
2123576
2123580
2123570
2123562
2123578
2123582
2123577
2123573
2123581
2123571
2123563
2123579
2123559
2123575
2123535
2123567
2123583
2122162
2122174
2122163
2122171
2122175
2123708
2123698
2123662
2123694
2123710
2123709
2123699
2123691
2123707
2123663
2123695
2123711
2123379
2123371
2123387
2123343
2123375
2123391
2123099
2123131
2123111
2123095
2123127
2123103
2123135
2123642
2123646
2123643
2123639
2123599
2123631
2123647
2122239
2123246
2123262
2123247
2123231
2123263
2123774
2123775
2127672
2127676
2127674
2127678
2127675
2127671
2127679
2127804
2127802
2127798
2127806
2127805
2127803
2127799
2127807
2127739
2127735
2127743
2127599
2127615
2127870
2127871
2129852
2129854
2129855
2129919
2236708
2236724
2236726
2236734
2236735
2237708
2237740
2237714
2237754
2237758
2237737
2237741
2237757
2237747
2237755
2237759
2237586
2237618
2237594
2237626
2237622
2237630
2237605
2237621
2237613
2237629
2237623
2237631
2238140
2238130
2238118
2238134
2238142
2238133
2238141
2238131
2238107
2238139
2238119
2238135
2238127
2238143
2237868
2237886
2237869
2237885
2237851
2237883
2237879
2237887
2238396
2238382
2238398
2238397
2238395
2238391
2238383
2238399
2238198
2238206
2238199
2238207
2238462
2238463
2254652
2254634
2254650
2254622
2254654
2254649
2254645
2254653
2254643
2254651
2254655
2253494
2253502
2253495
2253503
2254486
2254518
2254526
2254517
2254525
2254515
2254523
2254519
2254527
2254780
2254770
2254766
2254750
2254782
2254781
2254771
2254763
2254779
2254759
2254775
2254767
2254751
2254783
2254451
2254443
2254459
2254439
2254455
2254447
2254463
2254203
2254207
2254714
2254718
2254715
2254711
2254703
2254719
2254582
2254590
2254583
2254591
2254846
2254847
2241316
2241340
2241342
2241307
2241339
2241343
2241690
2241722
2241726
2241701
2241725
2241703
2241719
2241727
2242492
2242458
2242490
2242470
2242486
2242494
2242493
2242459
2242491
2242471
2242487
2242495
2241371
2241403
2241383
2241399
2241407
2242426
2242406
2242398
2242430
2242427
2242407
2242423
2242399
2242431
2241790
2241767
2241783
2241791
2242294
2242302
2242295
2242287
2242303
2242558
2242559
2258716
2258748
2258746
2258718
2258750
2258747
2258727
2258743
2258719
2258751
2257852
2257850
2257854
2257851
2257831
2257847
2257855
2258876
2258874
2258870
2258846
2258878
2258877
2258875
2258855
2258871
2258847
2258879
2258811
2258791
2258807
2258783
2258815
2258174
2258151
2258167
2258175
2258678
2258686
2258679
2258671
2258655
2258687
2257919
2258942
2258943
2247911
2247927
2247935
2248438
2248446
2248439
2248431
2248447
2248702
2248703
2256566
2256574
2256567
2256559
2256575
2256828
2256822
2256814
2256830
2256829
2256823
2256815
2256831
2256631
2256623
2256639
2256383
2256894
2256895
2260924
2260926
2260927
2260991
2320316
2320302
2320318
2320317
2320315
2320311
2320303
2320319
2320118
2320126
2320119
2320127
2320382
2320383
2324270
2324286
2324283
2324287
2324154
2324158
2324149
2324141
2324157
2324151
2324143
2324159
2323898
2323902
2323869
2323901
2323895
2323871
2323903
2324412
2324410
2324406
2324398
2324414
2324413
2324411
2324407
2324399
2324415
2324347
2324343
2324335
2324351
2324222
2324215
2324207
2324223
2323966
2323951
2323935
2323967
2324478
2324479
2322167
2322159
2322175
2321903
2321887
2321919
2322430
2322431
2317311
2318334
2318335
2326460
2326462
2326463
2326527
2357055
2357178
2357182
2357181
2357183
2357246
2357247
2359295
2708138
2708154
2708158
2708159
2709178
2709150
2709182
2709173
2709181
2709183
2709434
2709430
2709438
2709437
2709419
2709435
2709431
2709439
2708843
2708859
2708863
2709358
2709374
2709371
2709359
2709375
2709502
2709503
2717358
2717342
2717374
2717371
2717375
2717114
2717118
2717115
2717111
2717119
2717626
2717622
2717614
2717630
2717629
2717627
2717623
2717615
2717631
2717563
2717559
2717551
2717567
2717423
2717439
2717183
2717694
2717695
2719678
2719679
2719743
2832310
2832318
2832317
2832315
2832311
2832319
2832382
2832383
2847678
2847679
2848670
2848702
2848701
2848699
2848703
2848635
2848631
2848623
2848639
2848510
2848503
2848511
2848766
2848767
2846455
2846447
2846463
2846207
2846718
2846719
2850750
2850751
2850815
2809327
2809343
2809854
2809855
2817982
2817983
2818047
2881471
2881534
2881535
2883583
3112895
3112959
3145727
4194303
