268435456
268435520
268435552
268435568
268435576
268435580
268435582
268435583
268439584
268439648
268439600
268439664
268439608
268439672
268439612
268439676
268439614
268439678
268439617
268439649
268439665
268439673
268439677
268439679
268441696
268441712
268441624
268441720
268441628
268441724
268441630
268441726
268441697
268441681
268441713
268441625
268441689
268441721
268441629
268441693
268441725
268441631
268441695
268441727
268442736
268442744
268442748
268442638
268442750
268442737
268442729
268442745
268442701
268442733
268442749
268442639
268442703
268442735
268442751
268443256
268443260
268443262
268443257
268443253
268443261
268443239
268443255
268443263
268443516
268443518
268443517
268443515
268443519
268443646
268443647
268568592
268568656
268568600
268568664
268568604
268568668
268568642
268568674
268568658
268568690
268568666
268568698
268568670
268568702
268568675
268568691
268568699
268568703
268572784
268572696
268572792
268572700
268572796
268572706
268572770
268572786
268572794
268572798
268572769
268572753
268572785
268572761
268572793
268572765
268572797
268572771
268572787
268572795
268572799
268569648
268569656
268569612
268569676
268569660
268569666
268569714
268569674
268569722
268569678
268569726
268569649
268569713
268569641
268569657
268569721
268569613
268569645
268569661
268569725
268569667
268569699
268569715
268569675
268569707
268569723
268569679
268569711
268569727
268573808
268573816
268573820
268573746
268573810
268573818
268573822
268573809
268573801
268573817
268573773
268573805
268573821
268573763
268573795
268573747
268573811
268573771
268573739
268573803
268573755
268573819
268573711
268573775
268573743
268573807
268573759
268573823
268570168
268570172
268570178
268570234
268570182
268570238
268570169
268570233
268570165
268570173
268570237
268570179
268570211
268570227
268570235
268570183
268570215
268570231
268570239
268574328
268574332
268574266
268574330
268574334
268574329
268574325
268574333
268574275
268574307
268574323
268574267
268574331
268574279
268574311
268574263
268574327
268574271
268574335
268570428
268570434
268570494
268570429
268570493
268570435
268570467
268570483
268570491
268570495
268574588
268574526
268574590
268574589
268574531
268574563
268574579
268574587
268574527
268574591
268570819
268570851
268570867
268570875
268570879
268572898
268572914
268572922
268572926
268572899
268572883
268572915
268572891
268572923
268572895
268572927
268573938
268573946
268573950
268573939
268573931
268573947
268573903
268573935
268573951
268574458
268574462
268574459
268574455
268574463
268574718
268574719
268638232
268638328
268638236
268638332
268638322
268638330
268638334
268638307
268638323
268638331
268638335
268639344
268639352
268639244
268639356
268639330
268639314
268639346
268639354
268639358
268639345
268639337
268639353
268639341
268639357
268639331
268639315
268639347
268639307
268639339
268639259
268639323
268639355
268639247
268639311
268639343
268639263
268639327
268639359
268633698
268633722
268633670
268633702
268633726
268633699
268633715
268633723
268633703
268633719
268633727
268639864
268639868
268639842
268639770
268639834
268639866
268639870
268639865
268639861
268639869
268639843
268639827
268639859
268639771
268639835
268639867
268639815
268639847
268639767
268639831
268639863
268639775
268639839
268639871
268633884
268633954
268633982
268633885
268633981
268633955
268633971
268633979
268633887
268633951
268633983
268640124
268640098
268640030
268640094
268640126
268640125
268640099
268640083
268640115
268640027
268640091
268640123
268640031
268640095
268640127
268638435
268638419
268638451
268638363
268638427
268638459
268638367
268638431
268638463
268637363
268637427
268637387
268637355
268637419
268637371
268637435
268637327
268637391
268637359
268637423
268637375
268637439
268639474
268639482
268639486
268639475
268639467
268639387
268639451
268639483
268639375
268639439
268639471
268639391
268639455
268639487
268633851
268633815
268633847
268633855
268637914
268637946
268637918
268637950
268637915
268637883
268637947
268637911
268637879
268637943
268637855
268637919
268637887
268637951
268639994
268639998
268639995
268639991
268639903
268639967
268639999
268634014
268634078
268634110
268634015
268634079
268634111
268638174
268638206
268638175
268638143
268638207
268640254
268640255
268672112
268672120
268672124
268672114
268672122
268672126
268672115
268672107
268672123
268672079
268672111
268672127
268672632
268672636
268672626
268672618
268672634
268672638
268672633
268672629
268672637
268672627
268672619
268672635
268672615
268672631
268672591
268672623
268672639
268672892
268672882
268672846
268672878
268672894
268672893
268672883
268672875
268672891
268672847
268672879
268672895
268672243
268672235
268672251
268672207
268672239
268672255
268671707
268671739
268671719
268671703
268671735
268671647
268671711
268671743
268672762
268672766
268672763
268672759
268672719
268672751
268672767
268669887
268669951
268671982
268671998
268671983
268671967
268671999
268673022
268673023
268689016
268689020
268689018
268689022
268689019
268689015
268689023
268689276
268689274
268689270
268689278
268689277
268689275
268689271
268689279
268689147
268689143
268689151
268688879
268688895
268689406
268689407
268697468
268697470
268697471
268697599
270599176
270599240
270599236
270599268
270599244
270599276
270599270
270599286
270599278
270599294
270599287
270599295
270603304
270603352
270603284
270603348
270603356
270603298
270603378
270603306
270603386
270603382
270603390
270603345
270603337
270603353
270603349
270603381
270603357
270603389
270603363
270603379
270603371
270603387
270603383
270603391
270599704
270599748
270599780
270599772
270599782
270599806
270599705
270599769
270599749
270599765
270599773
270599805
270599783
270599799
270599807
270603864
270603804
270603868
270603810
270603898
270603902
270603865
270603845
270603861
270603805
270603869
270603901
270603875
270603891
270603899
270603815
270603879
270603831
270603895
270603839
270603903
270602530
270602594
270602546
270602610
270602554
270602618
270602598
270602614
270602622
270602565
270602597
270602581
270602613
270602589
270602621
270602599
270602615
270602623
270604660
270604668
270604642
270604614
270604646
270604662
270604670
270604645
270604661
270604669
270604643
270604595
270604659
270604603
270604667
270604615
270604647
270604631
270604663
270604639
270604671
270603604
270603612
270603562
270603638
270603646
270603605
270603637
270603597
270603613
270603645
270603571
270603635
270603563
270603627
270603579
270603643
270603623
270603639
270603631
270603647
270605684
270605692
270605654
270605686
270605694
270605685
270605677
270605693
270605683
270605675
270605627
270605691
270605671
270605655
270605687
270605647
270605679
270605663
270605695
270604124
270604158
270604125
270604157
270604091
270604155
270604135
270604151
270604159
270606204
270606174
270606206
270606205
270606203
270606183
270606199
270606175
270606207
270604774
270604790
270604798
270604775
270604791
270604799
270605814
270605822
270605815
270605807
270605823
270606334
270606335
270736504
270736500
270736508
270736466
270736498
270736506
270736438
270736502
270736510
270736497
270736489
270736505
270736485
270736501
270736493
270736509
270736483
270736499
270736491
270736507
270736503
270736511
270730776
270730788
270730852
270730850
270730854
270730878
270730777
270730873
270730877
270730843
270730875
270730855
270730871
270730879
270737016
270737020
270736994
270736986
270737018
270736958
270737022
270737017
270736933
270736997
270737013
270737021
270736995
270736979
270737011
270736987
270737019
270736967
270736935
270736999
270736983
270736951
270737015
270736927
270736991
270736959
270737023
270731622
270731638
270731646
270731623
270731639
270731647
270735654
270735718
270735734
270735742
270735717
270735733
270735741
270735715
270735731
270735739
270735719
270735735
270735743
270736756
270736764
270736738
270736726
270736694
270736758
270736766
270736757
270736749
270736765
270736739
270736723
270736755
270736747
270736731
270736763
270736711
270736743
270736727
270736695
270736759
270736719
270736687
270736751
270736735
270736703
270736767
270737276
270737250
270737246
270737214
270737278
270737277
270737251
270737235
270737267
270737243
270737275
270737223
270737255
270737239
270737271
270737247
270737215
270737279
270735587
270735571
270735603
270735579
270735611
270735559
270735591
270735575
270735607
270735583
270735615
270734579
270734539
270734571
270734587
270734583
270734591
270736626
270736634
270736630
270736638
270736627
270736619
270736603
270736635
270736615
270736599
270736631
270736591
270736623
270736607
270736639
270735066
270735098
270735102
270735067
270735099
270735079
270735095
270735103
270737146
270737150
270737147
270737127
270737143
270737119
270737151
270735846
270735862
270735870
270735847
270735863
270735871
270736886
270736894
270736887
270736879
270736895
270737406
270737407
270634052
270634100
270634060
270634108
270634042
270634102
270634110
270634035
270634099
270634043
270634107
270634103
270634111
270634552
270634564
270634620
270634546
270634538
270634554
270634622
270634553
270634613
270634621
270634547
270634539
270634555
270634619
270634567
270634599
270634615
270634575
270634607
270634623
270635314
270635378
270635306
270635322
270635386
270635382
270635390
270635333
270635381
270635341
270635389
270635335
270635367
270635383
270635343
270635375
270635391
270638452
270638460
270638386
270638450
270638406
270638438
270638454
270638462
270638453
270638461
270638387
270638451
270638379
270638395
270638459
270638407
270638439
270638455
270638415
270638447
270638463
270635852
270635826
270635902
270635853
270635901
270635827
270635891
270635835
270635899
270635895
270635855
270635887
270635903
270638972
270638898
270638926
270638958
270638974
270638973
270638899
270638963
270638891
270638907
270638971
270638919
270638951
270638967
270638927
270638959
270638975
270634163
270634227
270634155
270634171
270634235
270634183
270634215
270634231
270634191
270634223
270634239
270638322
270638330
270638278
270638262
270638326
270638334
270638323
270638331
270638279
270638311
270638263
270638327
270638287
270638319
270638271
270638335
270633627
270633659
270633723
270633671
270633703
270633687
270633719
270633695
270633727
270634682
270634750
270634683
270634747
270634695
270634727
270634743
270634703
270634735
270634751
270638842
270638782
270638846
270638843
270638791
270638823
270638839
270638799
270638831
270638783
270638847
270635510
270635502
270635518
270635463
270635495
270635511
270635471
270635503
270635519
270637542
270637558
270637550
270637566
270637543
270637527
270637559
270637519
270637551
270637535
270637567
270638582
270638590
270638583
270638543
270638575
270638591
270635982
270636014
270636030
270635983
270636015
270636031
270638062
270638078
270638063
270638047
270638079
270639102
270639103
270769272
270769204
270769268
270769276
270769266
270769274
270769206
270769270
270769278
270769267
270769259
270769275
270769223
270769255
270769207
270769271
270769231
270769199
270769263
270769215
270769279
270769784
270769788
270769778
270769770
270769786
270769726
270769790
270769785
270769717
270769781
270769789
270769779
270769771
270769787
270769735
270769767
270769719
270769783
270769743
270769711
270769775
270769727
270769791
270765428
270765436
270765426
270765430
270765438
270765427
270765419
270765435
270765383
270765415
270765431
270765391
270765423
270765439
270769524
270769532
270769522
270769510
270769462
270769526
270769534
270769525
270769533
270769523
270769515
270769531
270769479
270769511
270769463
270769527
270769487
270769455
270769519
270769471
270769535
270770044
270770034
270769998
270769966
270770030
270769982
270770046
270770045
270770035
270770027
270770043
270769991
270770023
270769975
270770039
270769999
270769967
270770031
270769983
270770047
270769395
270769387
270769403
270769351
270769383
270769335
270769399
270769359
270769327
270769391
270769343
270769407
270768859
270768891
270768839
270768871
270768855
270768823
270768887
270768799
270768863
270768831
270768895
270769914
270769854
270769918
270769915
270769863
270769895
270769847
270769911
270769871
270769839
270769903
270769855
270769919
270766582
270766574
270766526
270766590
270766535
270766567
270766583
270766543
270766575
270766591
270768614
270768630
270768622
270768638
270768615
270768599
270768567
270768631
270768591
270768559
270768623
270768543
270768607
270768575
270768639
270765559
270765519
270765551
270765567
270769654
270769662
270769655
270769615
270769583
270769647
270769599
270769663
270767054
270767086
270767102
270767055
270767087
270767039
270767103
270765023
270765055
270769134
270769150
270769135
270769119
270769087
270769151
270766014
270766078
270766015
270766079
270770174
270770175
270650936
270650948
270651004
270650938
270651006
270650939
270651003
270650951
270650983
270650999
270651007
270651706
270651770
270651774
270651717
270651773
270651719
270651751
270651767
270651775
270655356
270655290
270655354
270655302
270655334
270655350
270655358
270655357
270655291
270655355
270655303
270655335
270655351
270655359
270651067
270651131
270651079
270651111
270651127
270651135
270655226
270655174
270655166
270655230
270655227
270655175
270655207
270655223
270655167
270655231
270651902
270651847
270651879
270651895
270651903
270653926
270653942
270653950
270653927
270653911
270653943
270653919
270653951
270654966
270654974
270654967
270654959
270654975
270655486
270655487
270786168
270786108
270786172
270786170
270786110
270786174
270786171
270786119
270786151
270786167
270786111
270786175
270782332
270782330
270782334
270782331
270782279
270782311
270782327
270782335
270786428
270786426
270786406
270786422
270786366
270786430
270786429
270786427
270786375
270786407
270786423
270786367
270786431
270786299
270786247
270786279
270786295
270786239
270786303
270782974
270782919
270782951
270782967
270782975
270784998
270785014
270785022
270784999
270784983
270785015
270784991
270784959
270785023
270786038
270786046
270786039
270786031
270785983
270786047
270782463
270786558
270786559
270676423
270676455
270676471
270676479
270678502
270678518
270678526
270678503
270678487
270678519
270678495
270678527
270679542
270679550
270679543
270679535
270679551
270680062
270680063
270743932
270743910
270743926
270743934
270743911
270743895
270743927
270743903
270743935
270744948
270744956
270744934
270744918
270744950
270744958
270744949
270744941
270744957
270744935
270744919
270744951
270744911
270744943
270744927
270744959
270745468
270745446
270745438
270745470
270745469
270745447
270745431
270745463
270745439
270745471
270744039
270744023
270744055
270744031
270744063
270743031
270742991
270743023
270743039
270745078
270745086
270745079
270745071
270745055
270745087
270743518
270743550
270743519
270743551
270745598
270745599
270777716
270777724
270777718
270777726
270777719
270777711
270777727
270778236
270778230
270778222
270778238
270778237
270778231
270778223
270778239
270777847
270777839
270777855
270777311
270777343
270778366
270778367
270794620
270794622
270794623
270794751
271779352
271779430
271779454
271779353
271779449
271779453
271779431
271779447
271779455
271785592
271785596
271785574
271785502
271785566
271785598
271785593
271785589
271785597
271785575
271785559
271785591
271785503
271785567
271785599
271785332
271785340
271785302
271785334
271785342
271785333
271785325
271785341
271785331
271785323
271785339
271785319
271785303
271785335
271785295
271785327
271785311
271785343
271785852
271785822
271785854
271785853
271785851
271785831
271785847
271785823
271785855
271784422
271784438
271784446
271784423
271784439
271784447
271785462
271785470
271785463
271785455
271785471
271785982
271785983
271817852
271817850
271817814
271817846
271817854
271817843
271817835
271817851
271817847
271817855
271818360
271818340
271818364
271818354
271818346
271818362
271818270
271818334
271818366
271818361
271818325
271818357
271818365
271818355
271818347
271818363
271818343
271818327
271818359
271818319
271818351
271818271
271818335
271818367
271817074
271817066
271817082
271817078
271817086
271817061
271817045
271817077
271817085
271817063
271817047
271817079
271817039
271817071
271816991
271817055
271817087
271816050
271816054
271816030
271816062
271815989
271816053
271816061
271816039
271815991
271816055
271816015
271815983
271816047
271815999
271816063
271818100
271818108
271818098
271818086
271818070
271818102
271818110
271818101
271818109
271818099
271818091
271818107
271818087
271818071
271818103
271818063
271818095
271818015
271818079
271818111
271818620
271818610
271818574
271818606
271818526
271818590
271818622
271818621
271818611
271818603
271818619
271818599
271818583
271818615
271818575
271818607
271818527
271818591
271818623
271817971
271817963
271817979
271817959
271817943
271817975
271817935
271817967
271817887
271817951
271817983
271817467
271817447
271817431
271817463
271817375
271817439
271817471
271818490
271818398
271818462
271818494
271818491
271818471
271818455
271818487
271818447
271818479
271818399
271818463
271818495
271817206
271817198
271817118
271817214
271817191
271817175
271817207
271817167
271817199
271817119
271817183
271817215
271816182
271816158
271816190
271816151
271816119
271816183
271816143
271816111
271816175
271816095
271816159
271816127
271816191
271818230
271818238
271818231
271818191
271818223
271818143
271818207
271818239
271815646
271815678
271815631
271815599
271815663
271815583
271815647
271815615
271815679
271817710
271817726
271817711
271817631
271817695
271817727
271812574
271812606
271812511
271812575
271812607
271816670
271816702
271816671
271816639
271816703
271818750
271818751
271636762
271636858
271636766
271636862
271636837
271636861
271636839
271636855
271636767
271636831
271636863
271638396
271638394
271638374
271638390
271638302
271638398
271638397
271638395
271638375
271638391
271638303
271638367
271638399
271636894
271636990
271636967
271636983
271636895
271636959
271636991
271638006
271638014
271638007
271637999
271637983
271638015
271638526
271638527
271834744
271834724
271834652
271834716
271834748
271834746
271834654
271834718
271834750
271834747
271834727
271834711
271834743
271834655
271834719
271834751
271833466
271833470
271833445
271833373
271833437
271833469
271833447
271833431
271833463
271833375
271833439
271833471
271828858
271828862
271828861
271828839
271828823
271828855
271828863
271832924
271832956
271832954
271832926
271832958
271832925
271832893
271832957
271832955
271832935
271832919
271832887
271832951
271832863
271832927
271832895
271832959
271835004
271835002
271834982
271834966
271834998
271834910
271834974
271835006
271835005
271835003
271834983
271834967
271834999
271834911
271834975
271835007
271834875
271834855
271834839
271834871
271834783
271834847
271834879
271833598
271833575
271833559
271833591
271833503
271833567
271833599
271832574
271832535
271832503
271832567
271832527
271832495
271832559
271832479
271832543
271832511
271832575
271834614
271834622
271834615
271834607
271834527
271834591
271834623
271828990
271828895
271828959
271828991
271833054
271833086
271833055
271833023
271833087
271835134
271835135
271792615
271792599
271792631
271792543
271792607
271792639
271791575
271791543
271791607
271791567
271791535
271791599
271791519
271791583
271791551
271791615
271793654
271793662
271793655
271793647
271793567
271793631
271793663
271787935
271787999
271788031
271792094
271792126
271792095
271792063
271792127
271794174
271794175
271756791
271756751
271756783
271756799
271760886
271760894
271760887
271760847
271760815
271760879
271760831
271760895
271758271
271758335
271756191
271756255
271756287
271760366
271760382
271760367
271760351
271760319
271760383
271757246
271757310
271757247
271757311
271761406
271761407
271826292
271826300
271826294
271826302
271826295
271826287
271826207
271826271
271826303
271826812
271826806
271826798
271826782
271826814
271826813
271826807
271826799
271826719
271826783
271826815
271826423
271826415
271826335
271826399
271826431
271825823
271825887
271825919
271820767
271820799
271824862
271824894
271824863
271824831
271824895
271826942
271826943
271646718
271646719
271775580
271775612
271775582
271775614
271775583
271775551
271775615
271777660
271777630
271777598
271777662
271777661
271777631
271777599
271777663
271775711
271775679
271775743
271773695
271777790
271777791
271843196
271843198
271843199
271843327
272342142
272342135
272342143
272342644
272342652
272342646
272342638
272342654
272342649
272342645
272342653
272342647
272342639
272342655
272342386
272342394
272342390
272342398
272342389
272342397
272342391
272342383
272342399
272342908
272342894
272342910
272342909
272342907
272342903
272342895
272342911
272342518
272342526
272342519
272342511
272342527
272341998
272342014
272341999
272341983
272342015
272343038
272343039
272359032
272359028
272359020
272359036
272359034
272359022
272359038
272359035
272359031
272359023
272359039
272358778
272358782
272358773
272358765
272358781
272358775
272358767
272358783
272358266
272358270
272358237
272358269
272358263
272358239
272358271
272359292
272359290
272359286
272359278
272359294
272359293
272359291
272359287
272359279
272359295
272359163
272359159
272359151
272359167
272358910
272358903
272358895
272358911
272358398
272358383
272358367
272358399
272359422
272359423
272350711
272350703
272350719
272350191
272350175
272350207
272351230
272351231
272332735
272332799
272334846
272334847
272367484
272367486
272367487
272367615
272621176
272621180
272621182
272621183
272621434
272621438
272621437
272621439
272621566
272621567
272629759
286298660
286298724
286298676
286298732
286298678
286298742
286298750
286298697
286298729
286298733
286298749
286298751
286300772
286300748
286300780
286300794
286300798
286300777
286300773
286300749
286300781
286300797
286300723
286300795
286300695
286300727
286300791
286300767
286300799
286301036
286301054
286301037
286301053
286301019
286301051
286301055
286302076
286302062
286302078
286302077
286302075
286302063
286302079
286302206
286302207
286426660
286426748
286426714
286426750
286426715
286426747
286426751
286430756
286430844
286430746
286430810
286430846
286430809
286430837
286430845
286430803
286430811
286430843
286430839
286430847
286427474
286427482
286427514
286427518
286427429
286427509
286427517
286427495
286427511
286427519
286432636
286432594
286432614
286432630
286432574
286432638
286432629
286432637
286432595
286432587
286432603
286432635
286432615
286432631
286432559
286432623
286432575
286432639
286433148
286433106
286433134
286433086
286433150
286433149
286433107
286433099
286433115
286433147
286433127
286433143
286433135
286433087
286433151
286430419
286430411
286430427
286430459
286430439
286430455
286430447
286430463
286430938
286430974
286430939
286430971
286430951
286430967
286430975
286433018
286432990
286433022
286433019
286432999
286433015
286432991
286433023
286431734
286431742
286431719
286431735
286431743
286432758
286432766
286432759
286432751
286432767
286433278
286433279
286411082
286411114
286411098
286411130
286411118
286411134
286411119
286411135
286415210
286415150
286415214
286415230
286415205
286415221
286415213
286415229
286415215
286415231
286412084
286412106
286412158
286412085
286412149
286412157
286412107
286412139
286412123
286412155
286412143
286412159
286416244
286416190
286416254
286416245
286416189
286416253
286416203
286416235
286416219
286416251
286416175
286416239
286416191
286416255
286415740
286415722
286415718
286415726
286415742
286415725
286415741
286415691
286415723
286415707
286415739
286415719
286415735
286415727
286415743
286416764
286416758
286416766
286416765
286416715
286416747
286416731
286416763
286416759
286416751
286416767
286413515
286413547
286413531
286413563
286413551
286413567
286415610
286415566
286415598
286415614
286415595
286415611
286415567
286415599
286415583
286415615
286414554
286414590
286414555
286414587
286414575
286414591
286416634
286416606
286416638
286416635
286416623
286416607
286416639
286415854
286415870
286415855
286415871
286416894
286416895
286482044
286482026
286482042
286482014
286482046
286482041
286481997
286482029
286482045
286482027
286482043
286482023
286481975
286482039
286481999
286482031
286482015
286482047
286480718
286480686
286480750
286480766
286480747
286480763
286480751
286480767
286479228
286479210
286479214
286479230
286479211
286479227
286479207
286479159
286479223
286479215
286479231
286481276
286481258
286481254
286481230
286481262
286481278
286481261
286481277
286481259
286481275
286481255
286481207
286481271
286481231
286481263
286481247
286481279
286482300
286482282
286482230
286482294
286482270
286482302
286482301
286482283
286482299
286482279
286482231
286482295
286482255
286482287
286482271
286482303
286481131
286481147
286481127
286481079
286481143
286481103
286481135
286481119
286481151
286482170
286482142
286482174
286482171
286482151
286482103
286482167
286482127
286482159
286482143
286482175
286480847
286480879
286480863
286480895
286477750
286477822
286477751
286477815
286477775
286477807
286477791
286477823
286481910
286481854
286481918
286481911
286481871
286481903
286481887
286481855
286481919
286479343
286479359
286481390
286481406
286481391
286481375
286481407
286480350
286480382
286480351
286480383
286482430
286482431
286447228
286447194
286447230
286447195
286447227
286447159
286447223
286447215
286447231
286449532
286449498
286449530
286449462
286449526
286449518
286449534
286449533
286449499
286449531
286449463
286449527
286449519
286449535
286447323
286447355
286447287
286447351
286447343
286447359
286449402
286449374
286449406
286449403
286449335
286449399
286449391
286449375
286449407
286445039
286445055
286449142
286449086
286449150
286449143
286449135
286449087
286449151
286448622
286448638
286448623
286448639
286449662
286449663
286514780
286514812
286514810
286514782
286514814
286514811
286514807
286514799
286514783
286514815
286513020
286513018
286513022
286513019
286513015
286513007
286513023
286515068
286515066
286515062
286515054
286515038
286515070
286515069
286515067
286515063
286515055
286515039
286515071
286514939
286514935
286514927
286514911
286514943
286514671
286514655
286514687
286514158
286514174
286514159
286514143
286514175
286513151
286515198
286515199
286489468
286489454
286489470
286489455
286489471
286490492
286490478
286490494
286490493
286490479
286490495
286489583
286489599
286490622
286490623
286523260
286523262
286523263
286523391
288595516
288595580
288595498
288595562
288595578
288595550
288595518
288595582
288595577
288595541
288595573
288595581
288595571
288595563
288595579
288595575
288595583
288593270
288593246
288593278
288593269
288593213
288593277
288593255
288593271
288593231
288593263
288593215
288593279
288595260
288595324
288595302
288595286
288595318
288595262
288595326
288595317
288595261
288595325
288595315
288595307
288595323
288595303
288595287
288595319
288595279
288595247
288595311
288595295
288595263
288595327
288591676
288591740
288591730
288591742
288591677
288591741
288591731
288591723
288591739
288591719
288591735
288591743
288595836
288595826
288595822
288595806
288595774
288595838
288595837
288595827
288595819
288595835
288595815
288595799
288595831
288595791
288595823
288595807
288595775
288595839
288595187
288595179
288595195
288595175
288595159
288595191
288595151
288595183
288595167
288595199
288594670
288594686
288594667
288594683
288594663
288594647
288594679
288594671
288594655
288594687
288595706
288595678
288595710
288595707
288595687
288595703
288595695
288595679
288595711
288594422
288594430
288594407
288594423
288594431
288595446
288595454
288595447
288595439
288595455
288595966
288595967
288447334
288447342
288447358
288447341
288447357
288447339
288447355
288447335
288447351
288447343
288447359
288448380
288448374
288448382
288448381
288448379
288448375
288448367
288448383
288447470
288447486
288447471
288447487
288448510
288448511
288574318
288574334
288574319
288574335
288578350
288578414
288578430
288578413
288578429
288578411
288578427
288578415
288578431
288579452
288579434
288579446
288579422
288579390
288579454
288579453
288579435
288579451
288579431
288579447
288579407
288579439
288579423
288579391
288579455
288578283
288578299
288578279
288578295
288578255
288578287
288578271
288578303
288579322
288579294
288579326
288579323
288579303
288579319
288579311
288579295
288579327
288578030
288578046
288578023
288578039
288578031
288578047
288579062
288579070
288579063
288579055
288579071
288578542
288578558
288578543
288578559
288579582
288579583
288611940
288611932
288611900
288611964
288611962
288611934
288611902
288611966
288611963
288611943
288611927
288611959
288611919
288611951
288611935
288611903
288611967
288610682
288610686
288610661
288610653
288610621
288610685
288610663
288610647
288610679
288610639
288610671
288610655
288610623
288610687
288610140
288610172
288610170
288610142
288610174
288610141
288610109
288610173
288610171
288610151
288610135
288610167
288610127
288610159
288610143
288610111
288610175
288608124
288608122
288608126
288608123
288608103
288608087
288608119
288608111
288608127
288612220
288612218
288612198
288612214
288612206
288612190
288612158
288612222
288612221
288612219
288612199
288612183
288612215
288612175
288612207
288612191
288612159
288612223
288612091
288612071
288612055
288612087
288612047
288612079
288612063
288612031
288612095
288610814
288610791
288610775
288610807
288610767
288610799
288610783
288610751
288610815
288609790
288609751
288609783
288609759
288609791
288611830
288611838
288611831
288611791
288611823
288611807
288611775
288611839
288609231
288609263
288609247
288609279
288611310
288611326
288611311
288611295
288611263
288611327
288610270
288610302
288610271
288610303
288608255
288612350
288612351
288569831
288569815
288569847
288569807
288569839
288569823
288569855
288568791
288568823
288568799
288568831
288570870
288570878
288570871
288570831
288570863
288570847
288570879
288568303
288568319
288570350
288570366
288570351
288570335
288570367
288569310
288569342
288569311
288569343
288571390
288571391
288538102
288538110
288538103
288538095
288538111
288538622
288538623
288603516
288603510
288603518
288603511
288603503
288603487
288603519
288604028
288604022
288604014
288603998
288604030
288604029
288604023
288604015
288603999
288604031
288603639
288603631
288603615
288603647
288603118
288603134
288603119
288603103
288603135
288602111
288604158
288604159
288586620
288586606
288586622
288586607
288586623
288587644
288587630
288587646
288587645
288587631
288587647
288586735
288586751
288587774
288587775
288620412
288620414
288620415
288620543
286888502
286888566
286888574
286888521
286888569
286888573
286888575
286891574
286891638
286891598
286891630
286891646
286891641
286891645
286891575
286891639
286891599
286891631
286891647
286891900
286891886
286891902
286891901
286891899
286891831
286891895
286891887
286891903
286887350
286887422
286887351
286887415
286887423
286891510
286891454
286891518
286891511
286891455
286891519
286892030
286892031
286936394
286936442
286936398
286936446
286936373
286936437
286936445
286936399
286936431
286936447
286940538
286940494
286940478
286940542
286940533
286940477
286940541
286940491
286940539
286940495
286940527
286940479
286940543
286941052
286941050
286941046
286941006
286941054
286941053
286941003
286941051
286941047
286941007
286941039
286941055
286937803
286937851
286937807
286937839
286937855
286940922
286940878
286940910
286940926
286940923
286940879
286940911
286940927
286938110
286938063
286938095
286938111
286940142
286940158
286940143
286940127
286940159
286941182
286941183
287039028
287039092
287039052
287039084
287039100
287039098
287039054
287039086
287039102
287039099
287039031
287039095
287039055
287039087
287039103
287034746
287034750
287034677
287034741
287034701
287034733
287034749
287034679
287034743
287034703
287034735
287034751
287038836
287038842
287038798
287038782
287038846
287038837
287038797
287038829
287038781
287038845
287038843
287038775
287038839
287038799
287038831
287038783
287038847
287036284
287036282
287036278
287036286
287036237
287036285
287036283
287036215
287036279
287036239
287036271
287036287
287038316
287038332
287038330
287038318
287038334
287038317
287038301
287038333
287038331
287038263
287038327
287038287
287038319
287038303
287038335
287039356
287039354
287039286
287039350
287039310
287039342
287039358
287039357
287039355
287039287
287039351
287039311
287039343
287039359
287039227
287039159
287039223
287039183
287039215
287039231
287034878
287034807
287034871
287034831
287034863
287034879
287038966
287038926
287038910
287038974
287038967
287038927
287038959
287038911
287038975
287036414
287036367
287036399
287036415
287038446
287038462
287038447
287038431
287038463
287039486
287039487
286895543
286895607
286895567
286895599
286895615
286899702
286899662
286899646
286899710
286899703
286899663
286899695
286899647
286899711
286897150
286897103
286897135
286897151
286899182
286899198
286899183
286899167
286899199
286900222
286900223
287030588
287030652
287030646
287030590
287030654
287030647
287030607
287030639
287030591
287030655
287028030
287028094
287028087
287028047
287028079
287028095
287027068
287027062
287027070
287027063
287027023
287027055
287027071
287031164
287031158
287031118
287031150
287031102
287031166
287031165
287031159
287031119
287031151
287031103
287031167
287030775
287030735
287030767
287030719
287030783
287028222
287028175
287028207
287028159
287028223
287030254
287030270
287030255
287030239
287030207
287030271
287027199
287031294
287031295
286949244
286949198
286949246
286949245
286949199
286949231
286949247
286946255
286946287
286946303
286948334
286948350
286948335
286948319
286948351
286949374
286949375
287013756
287013742
287013758
287013743
287013727
287013759
287014780
287014766
287014750
287014782
287014781
287014767
287014751
287014783
287013871
287013855
287013887
287012863
287014910
287014911
287047548
287047550
287047551
287047679
289115710
289115774
289115769
289115773
289115767
289115775
289119854
289119806
289119870
289119865
289119869
289119863
289119871
289119550
289119614
289119605
289119549
289119613
289119607
289119567
289119599
289119551
289119615
289116028
289115966
289116030
289115965
289116029
289115963
289116027
289116023
289115983
289116015
289115967
289116031
289120124
289120110
289120062
289120126
289120125
289120123
289120119
289120079
289120111
289120063
289120127
289119734
289119678
289119742
289119735
289119695
289119727
289119679
289119743
289117182
289117135
289117167
289117183
289119214
289119230
289119215
289119199
289119167
289119231
289116094
289116158
289116095
289116159
289120254
289120255
289005180
289005134
289005166
289005182
289005177
289005181
289005175
289005135
289005167
289005183
289004858
289004922
289004862
289004926
289004917
289004925
289004919
289004879
289004911
289004863
289004927
289005436
289005434
289005430
289005390
289005422
289005374
289005438
289005437
289005435
289005431
289005391
289005423
289005375
289005439
289004990
289005054
289005047
289005007
289005039
289004991
289005055
289002494
289002447
289002479
289002495
289004526
289004542
289004527
289004511
289004543
289005566
289005567
289136188
289136252
289136250
289136238
289136190
289136254
289136251
289136247
289136207
289136239
289136191
289136255
289135994
289135998
289135989
289135981
289135933
289135997
289135991
289135951
289135983
289135935
289135999
289135484
289135482
289135470
289135486
289135469
289135453
289135421
289135485
289135483
289135479
289135439
289135471
289135455
289135423
289135487
289132410
289132414
289132413
289132407
289132367
289132399
289132415
289136508
289136506
289136502
289136494
289136446
289136510
289136509
289136507
289136503
289136463
289136495
289136447
289136511
289136379
289136375
289136335
289136367
289136319
289136383
289136126
289136119
289136079
289136111
289136063
289136127
289133566
289133519
289133551
289133567
289135598
289135614
289135599
289135583
289135551
289135615
289132542
289132479
289132543
289136638
289136639
289127927
289127887
289127919
289127871
289127935
289125374
289125327
289125359
289125375
289127406
289127422
289127407
289127391
289127359
289127423
289124287
289124351
289128446
289128447
289046351
289046383
289046335
289046399
289043407
289043439
289043455
289045486
289045502
289045487
289045471
289045503
289046526
289046527
289110894
289110910
289110895
289110879
289110847
289110911
289111932
289111918
289111902
289111934
289111933
289111919
289111903
289111871
289111935
289111023
289111007
289110975
289111039
289109951
289110015
289107967
289112062
289112063
289013758
289013759
289144700
289144702
289144703
289144831
287732687
287732719
287732735
287734766
287734782
287734767
287734751
287734783
287735806
287735807
287800174
287800190
287800175
287800159
287800191
287801212
287801198
287801182
287801214
287801213
287801199
287801183
287801215
287800303
287800287
287800319
287799295
287801342
287801343
287833980
287833982
287833983
287834111
288840573
288840559
288840575
288841596
288841566
288841598
288841597
288841595
288841583
288841567
288841599
288840686
288840702
288840687
288840671
288840703
288839646
288839678
288839647
288839679
288841726
288841727
288874106
288874078
288874110
288874107
288874095
288874079
288874111
288873338
288873342
288873325
288873309
288873341
288873327
288873311
288873343
288872314
288872318
288872317
288872303
288872319
288874364
288874362
288874350
288874334
288874366
288874365
288874363
288874351
288874335
288874367
288874235
288874223
288874207
288874239
288873470
288873455
288873439
288873471
288872446
288872415
288872447
288874494
288874495
288848879
288848863
288848895
288847839
288847871
288849918
288849919
288817150
288817151
288882556
288882558
288882559
288882687
289398396
289398398
289398399
289398650
289398654
289398653
289398655
289398782
289398783
289406975
297000542
297000574
297000571
297000567
297000575
296998780
296998778
296998774
296998782
296998779
296998775
296998767
296998783
297000828
297000826
297000822
297000814
297000798
297000830
297000829
297000827
297000823
297000815
297000799
297000831
297000699
297000695
297000687
297000671
297000703
297000431
297000415
297000447
296999918
296999934
296999919
296999903
296999935
296998911
297000958
297000959
296975215
296975231
296976252
296976238
296976254
296976253
296976239
296976255
296975343
296975359
296976382
296976383
297009020
297009022
297009023
297009151
297506686
297506653
297506621
297506685
297506619
297506683
297506679
297506687
297508718
297508702
297508734
297508733
297508731
297508727
297508719
297508703
297508735
297508334
297508350
297508343
297508335
297508351
297508862
297508863
297491818
297491802
297491834
297491822
297491806
297491838
297491829
297491837
297491823
297491807
297491839
297492314
297492346
297492342
297492334
297492318
297492350
297492349
297492331
297492315
297492347
297492343
297492335
297492319
297492351
297491179
297491163
297491195
297491183
297491167
297491199
297490174
297490139
297490107
297490171
297490159
297490143
297490111
297490175
297492218
297492206
297492190
297492222
297492219
297492207
297492191
297492223
297491454
297491439
297491423
297491455
297490430
297490399
297490367
297490431
297492478
297492479
297459002
297459066
297459006
297459070
297459061
297459069
297459055
297459007
297459071
297459578
297459574
297459566
297459518
297459582
297459581
297459515
297459579
297459575
297459567
297459551
297459519
297459583
297455355
297455343
297455359
297459450
297459438
297459390
297459454
297459451
297459439
297459391
297459455
297458686
297458671
297458655
297458623
297458687
297455614
297455551
297455615
297459710
297459711
297524830
297524862
297524859
297524855
297524863
297524602
297524606
297524597
297524589
297524573
297524605
297524599
297524591
297524575
297524607
297524094
297524093
297524079
297524063
297524095
297523070
297523069
297523055
297523007
297523071
297525116
297525114
297525110
297525102
297525086
297525118
297525117
297525115
297525111
297525103
297525087
297525119
297524987
297524983
297524975
297524959
297524991
297524734
297524727
297524719
297524703
297524735
297524222
297524207
297524191
297524223
297523198
297523167
297523135
297523199
297525246
297525247
297516535
297516527
297516511
297516543
297516030
297516015
297515999
297516031
297515006
297514975
297514943
297515007
297517054
297517055
297500527
297500511
297500543
297499631
297499615
297499647
297498622
297498591
297498559
297498623
297500670
297500671
297467711
297467775
297465823
297465791
297465855
297463807
297467902
297467903
297533308
297533310
297533311
297533439
297237487
297237471
297237503
297236447
297236415
297236479
297238526
297238527
297203647
297203711
297201663
297205758
297205759
297271164
297271166
297271167
297271295
296615934
296615935
296746876
296746878
296746879
296747007
297787006
297787007
297787258
297787262
297787261
297787263
297787390
297787391
297795583
301703166
301703167
301718906
301718910
301718911
301719414
301719422
301719421
301719423
301719291
301719295
301719550
301719551
301727615
301727743
301989887
346641706
346641770
346641786
346641790
346641749
346641781
346641789
346641791
346643818
346643834
346643806
346643838
346643829
346643805
346643837
346643819
346643835
346643807
346643839
346644346
346644342
346644350
346644349
346644347
346644343
346644351
346644478
346644479
346774842
346774906
346774878
346774846
346774910
346774901
346774877
346774909
346774891
346774907
346774903
346774911
346771306
346771322
346771326
346771261
346771325
346771307
346771323
346771327
346775402
346775418
346775414
346775358
346775422
346775421
346775403
346775419
346775383
346775415
346775359
346775423
346774251
346774267
346774231
346774263
346774271
346775286
346775278
346775294
346775291
346775287
346775279
346775295
346775550
346775551
346807674
346807662
346807646
346807678
346807669
346807661
346807645
346807677
346807675
346807639
346807671
346807663
346807647
346807679
346807162
346807102
346807166
346807163
346807127
346807159
346807103
346807167
346808186
346808182
346808174
346808190
346808189
346808187
346808151
346808183
346808175
346808191
346808059
346808023
346808055
346808047
346808063
346805758
346805719
346805751
346805759
346807774
346807806
346807799
346807791
346807775
346807807
346807231
346807295
346808318
346808319
346731991
346732023
346732031
346734046
346734078
346734071
346734047
346734079
346734590
346734591
346797942
346797950
346797943
346797951
346799990
346799966
346799998
346799997
346799991
346799967
346799999
346799607
346799583
346799615
346798079
346800126
346800127
346816382
346816383
346816511
347821882
347821946
347821942
347821950
347821949
347821935
347821951
347819866
347819898
347819894
347819902
347819837
347819901
347819867
347819899
347819895
347819903
347823994
347823990
347823982
347823966
347823934
347823998
347823997
347823995
347823991
347823983
347823967
347823935
347823999
347823598
347823614
347823607
347823599
347823615
347824126
347824127
347790718
347790717
347790711
347790719
347791226
347791222
347791214
347791198
347791230
347791229
347791227
347791223
347791215
347791199
347791231
347790814
347790846
347790839
347790831
347790815
347790847
347790270
347790334
347790319
347790271
347790335
347791358
347791359
347856254
347856221
347856253
347856247
347856255
347855742
347855709
347855741
347855735
347855711
347855743
347854714
347854718
347854717
347854711
347854703
347854719
347856762
347856758
347856750
347856734
347856766
347856765
347856763
347856759
347856751
347856735
347856767
347856635
347856631
347856623
347856607
347856639
347856382
347856375
347856367
347856351
347856383
347855870
347855855
347855839
347855807
347855871
347854846
347854815
347854847
347856894
347856895
347848183
347848175
347848159
347848191
347847663
347847647
347847615
347847679
347846623
347846655
347848702
347848703
347830207
347830271
347832318
347832319
347799550
347799551
347864958
347864959
347865087
348118906
348118910
348118909
348118911
348119038
348119039
348127231
362535742
362535806
362535803
362535799
362535807
362536822
362536814
362536830
362536829
362536827
362536823
362536815
362536831
362536699
362536695
362536687
362536703
362536431
362536415
362536447
362535935
362536958
362536959
362545022
362545023
362545151
364502894
364502910
364502909
364502907
364502903
364502895
364502911
364503038
364503039
364629886
364629887
364633918
364633982
364633981
364633979
364633975
364633983
364633851
364633847
364633839
364633823
364633855
364633598
364633591
364633583
364633599
364634110
364634111
364625399
364625391
364625375
364625407
364624894
364624879
364624863
364624895
364623871
364625918
364625919
364609391
364609407
364608495
364608511
364609534
364609535
364642174
364642175
364642303
364346351
364346335
364346367
364345311
364345343
364347390
364347391
364314622
364314623
364380030
364380031
364380159
364896126
364896125
364896127
364896254
364896255
364904447
359593951
359593983
359596030
359596031
359661438
359661439
359661567
360701821
360701823
360701950
360701951
360710143
368828414
368828415
368836479
368836607
369098751
398450686
398450687
398458879
402653183
536870911
